Sample	0	1	2	3	4	5	6	7	8	9	10	11	12	13	14	15	16	17	18	19	20	21	22	23	24	25	26	27	28	29	30	31	32	33	34	35	36	37	38	39	40	41	42	43	44	45	46	47	48	49	50
SRR2549634	(1, 0.026996924950129463)	(2, 0.0)	(3, 0.0006674581314931161)	(4, 0.01357750356958365)	(5, 0.0)	(6, 0.0)	(7, 0.0)	(8, 0.0)	(9, 0.005690958805362359)	(10, 0.0023009740848841634)	(11, 0.0)	(12, 0.0009484931342270597)	(13, 0.0)	(14, 0.0001580821890378433)	(15, 0.0004215525041009155)	(16, 0.0)	(17, 0.0)	(18, 0.0)	(19, 0.0)	(20, 0.0)	(21, 0.001317351575315361)	(22, 7.025875068348592e-05)	(23, 3.512937534174296e-05)	(24, 0.0)	(25, 0.0)	(26, 0.00021077625205045774)	(27, 0.0)	(28, 0.0)	(29, 0.0)	(30, 0.0)	(31, 0.0)	(32, 0.0)	(33, 0.0)	(34, 0.0018794215807832481)	(35, 0.002459056273922007)	(36, 0.015158325459962084)	(37, 0.007078569131361205)	(38, 0.001247092824631875)	(39, 0.0006323287561513732)	(40, 0.0)	(41, 7.025875068348592e-05)	(42, 0.0)	(43, 0.00012295281369610034)	(44, 3.512937534174296e-05)	(45, 0.0)	(46, 0.00010538812602522887)	(47, 0.00010538812602522887)	(48, 0.0)	(49, 0.0008957990712144453)	(50, 0.012787092624394434)	(51, 0.0036183256601995243)
SRR2549635	(1, 0.02860048697146696)	(2, 0.0)	(3, 0.0011543225228644103)	(4, 0.01347981590749927)	(5, 0.0)	(6, 0.0)	(7, 0.0)	(8, 0.0)	(9, 0.004560050958092464)	(10, 0.0018507319788074017)	(11, 0.0)	(12, 0.0009730652672080152)	(13, 0.0)	(14, 0.00015263768897380632)	(15, 0.0005342319114083221)	(16, 0.0)	(17, 0.0)	(18, 0.0)	(19, 0.0)	(20, 0.0)	(21, 0.0010684638228166442)	(22, 4.769927780431448e-05)	(23, 1.907971112172579e-05)	(24, 0.0)	(25, 0.0)	(26, 0.00014309783341294344)	(27, 0.0)	(28, 0.0)	(29, 0.0)	(30, 0.0)	(31, 0.0)	(32, 0.0)	(33, 0.0)	(34, 0.0021846269234376027)	(35, 0.0018316522676856757)	(36, 0.014290703630172617)	(37, 0.0067637575926517935)	(38, 0.0010875435339383701)	(39, 0.0004197536446779674)	(40, 0.0)	(41, 5.7239133365177367e-05)	(42, 0.0)	(43, 0.00015263768897380632)	(44, 1.907971112172579e-05)	(45, 0.0)	(46, 7.631884448690316e-05)	(47, 6.677898892604026e-05)	(48, 0.0)	(49, 0.0029764349349892232)	(50, 0.014767696408215762)	(51, 0.00616274669231743)
SRR2549636	(1, 0.02813630456328339)	(2, 0.0)	(3, 0.0011761156248317815)	(4, 0.01410434045471344)	(5, 0.0)	(6, 0.0)	(7, 0.0)	(8, 0.0)	(9, 0.00449638050416458)	(10, 0.0020808199516254597)	(11, 0.0)	(12, 0.0009047043267936782)	(13, 0.0)	(14, 0.00019903495189460918)	(15, 0.00047044624993271256)	(16, 0.0)	(17, 0.0)	(18, 0.0)	(19, 0.0)	(20, 0.0)	(21, 0.001194209711367655)	(22, 3.6188173071747126e-05)	(23, 1.8094086535873563e-05)	(24, 0.0)	(25, 0.0)	(26, 9.951747594730459e-05)	(27, 0.0)	(28, 0.0)	(29, 0.0)	(30, 0.0)	(31, 0.0)	(32, 0.0)	(33, 0.0)	(34, 0.0025150780284864255)	(35, 0.0017641734372476723)	(36, 0.0138238821134074)	(37, 0.006984317402847194)	(38, 0.0009589865864012988)	(39, 0.000370928773985408)	(40, 0.0)	(41, 3.6188173071747126e-05)	(42, 0.0)	(43, 0.00019903495189460918)	(44, 9.047043267936781e-06)	(45, 0.0)	(46, 7.237634614349425e-05)	(47, 8.142338941143102e-05)	(48, 0.0)	(49, 0.0036097702639067753)	(50, 0.01632991309862589)	(51, 0.007138117138402121)
SRR2549637	(1, 0.027688899255033657)	(2, 0.0)	(3, 0.0008562617584749903)	(4, 0.01120586040439009)	(5, 0.0)	(6, 0.0)	(7, 0.0)	(8, 0.0)	(9, 0.0035088117711420796)	(10, 0.0017032163239230787)	(11, 0.0)	(12, 0.0008841833375556966)	(13, 0.0)	(14, 9.307193026902069e-05)	(15, 0.00045605245831820135)	(16, 0.0)	(17, 0.0)	(18, 0.0)	(19, 0.0)	(20, 0.0)	(21, 0.0010703271980937379)	(22, 8.376473724211862e-05)	(23, 2.7921579080706207e-05)	(24, 0.0)	(25, 0.0)	(26, 0.0002047582465918455)	(27, 0.0)	(28, 0.0)	(29, 0.0)	(30, 0.0)	(31, 0.0)	(32, 0.0)	(33, 0.0)	(34, 0.0021778831682950843)	(35, 0.001358850181927702)	(36, 0.011410618650981938)	(37, 0.00616136178380917)	(38, 0.0007631898282059697)	(39, 0.00031644456291467037)	(40, 0.0)	(41, 4.6535965134510344e-05)	(42, 0.0)	(43, 0.0001209935093497269)	(44, 9.30719302690207e-06)	(45, 0.0)	(46, 7.445754421521656e-05)	(47, 5.5843158161412414e-05)	(48, 0.0)	(49, 0.0023640270288331254)	(50, 0.014267926910240872)	(51, 0.005770459676679283)
SRR2549638	(1, 0.02780315681419949)	(2, 0.0)	(3, 0.0011339257758557493)	(4, 0.012842368670738367)	(5, 0.0)	(6, 0.0)	(7, 0.0)	(8, 0.0)	(9, 0.004922468484335035)	(10, 0.00199535776061438)	(11, 0.0)	(12, 0.0007735307618240768)	(13, 0.0)	(14, 0.00015822220128219758)	(15, 0.0004922468484335035)	(16, 0.0)	(17, 0.0)	(18, 0.0)	(19, 0.0)	(20, 0.0)	(21, 0.0012481973656706697)	(22, 4.39506114672771e-05)	(23, 3.516048917382168e-05)	(24, 8.79012229345542e-06)	(25, 0.0)	(26, 0.0001406419566952867)	(27, 0.0)	(28, 0.0)	(29, 0.0)	(30, 0.0)	(31, 0.0)	(32, 0.0)	(33, 0.0)	(34, 0.0022326910625376766)	(35, 0.0018547158039190937)	(36, 0.014090566036409038)	(37, 0.007067258323938157)	(38, 0.0011427158981492046)	(39, 0.0004746666038465927)	(40, 0.0)	(41, 2.6370366880366263e-05)	(42, 1.758024458691084e-05)	(43, 0.00012306171210837587)	(44, 8.79012229345542e-06)	(45, 0.0)	(46, 8.79012229345542e-05)	(47, 6.153085605418793e-05)	(48, 0.0)	(49, 0.003313876104632693)	(50, 0.014591603007135998)	(51, 0.0063904189073420905)
SRR2549639	(1, 0.02776037424653421)	(2, 0.0)	(3, 0.0008797960819872609)	(4, 0.0126540883281572)	(5, 0.0)	(6, 0.0)	(7, 0.0)	(8, 0.0)	(9, 0.004183711155833039)	(10, 0.001853187491845507)	(11, 0.0)	(12, 0.000898515147561458)	(13, 0.0)	(14, 0.0001403929918064778)	(15, 0.00035566224590974376)	(16, 0.0)	(17, 0.0)	(18, 0.0)	(19, 0.0)	(20, 0.0)	(21, 0.0010389081393679359)	(22, 7.487626229678816e-05)	(23, 4.67976639354926e-05)	(24, 9.35953278709852e-06)	(25, 0.0)	(26, 0.00010295486065808372)	(27, 0.0)	(28, 0.0)	(29, 0.0)	(30, 0.0)	(31, 0.0)	(32, 0.0)	(33, 0.0)	(34, 0.0021526925410326595)	(35, 0.0014788061803615662)	(36, 0.01240138094290554)	(37, 0.006149213041123728)	(38, 0.0008891556147743594)	(39, 0.0003743813114839408)	(40, 0.0)	(41, 2.807859836129556e-05)	(42, 0.0)	(43, 0.00021526925410326596)	(44, 1.871906557419704e-05)	(45, 0.0)	(46, 9.35953278709852e-05)	(47, 8.423579508388668e-05)	(48, 0.0)	(49, 0.00233988319677463)	(50, 0.013664917869163839)	(51, 0.005363012287007452)
WT_1	(1, 0.02700141862922095)	(2, 0.0)	(3, 0.0006680038462958309)	(4, 0.013588604557544137)	(5, 0.0)	(6, 0.0)	(7, 0.0)	(8, 0.0)	(9, 0.005695611742101293)	(10, 0.002127064878994619)	(11, 0.0)	(12, 0.0009492686236835491)	(13, 0.0)	(14, 0.0001582114372805915)	(15, 0.0003340019231479154)	(16, 0.0)	(17, 0.0)	(18, 0.0)	(19, 0.0)	(20, 0.0)	(21, 0.0013184286440049292)	(22, 7.031619434692955e-05)	(23, 3.5158097173464775e-05)	(24, 0.0)	(25, 0.0)	(26, 0.0002109487313719086)	(27, 0.0)	(28, 0.0)	(29, 0.0)	(30, 0.0)	(31, 0.0)	(32, 0.0)	(33, 0.0)	(34, 0.0016172792932348857)	(35, 0.0021622328587671685)	(36, 0.014836792644044777)	(37, 0.006785558082267684)	(38, 0.0012481238588895776)	(39, 0.00045706080719399645)	(40, 0.0)	(41, 0.0)	(42, 0.0)	(43, 0.00012307177299657616)	(44, 0.0)	(45, 0.0)	(46, 1.7587612692628328e-05)	(47, 1.7600926794401285e-05)	(48, 0.0)	(49, 0.0008976472665144656)	(50, 0.012813474706324136)	(51, 0.003625790919646665)
WT_2	(1, 0.028614267453748385)	(2, 0.0)	(3, 0.0011552640513525375)	(4, 0.013490810781496986)	(5, 0.0)	(6, 0.0)	(7, 0.0)	(8, 0.0)	(9, 0.004563770384681924)	(10, 0.0017472175322108623)	(11, 0.0)	(12, 0.0009738589523798247)	(13, 0.0)	(14, 0.00015276218860859998)	(15, 0.0004391912922497249)	(16, 0.0)	(17, 0.0)	(18, 0.0)	(19, 0.0)	(20, 0.0)	(21, 0.0010693353202602)	(22, 4.773818394018749e-05)	(23, 1.9095273576074998e-05)	(24, 0.0)	(25, 0.0)	(26, 0.0001432146065150043)	(27, 0.0)	(28, 0.0)	(29, 0.0)	(30, 0.0)	(31, 0.0)	(32, 0.0)	(33, 0.0)	(34, 0.0019954618042831965)	(35, 0.001642199955985222)	(36, 0.014082834180403875)	(37, 0.00655926717995717)	(38, 0.0010788910947278794)	(39, 0.000305527469306424)	(40, 0.0)	(41, 0.0)	(42, 0.0)	(43, 0.0001432346138094019)	(44, 0.0)	(45, 0.0)	(46, 2.8657014793037607e-05)	(47, 1.9119038671792735e-05)	(48, 0.0)	(49, 0.002963450994127874)	(50, 0.014769457373959887)	(51, 0.006146770932981365)
WT_3	(1, 0.028148508961981854)	(2, 0.0)	(3, 0.0011770042344990807)	(4, 0.014078781420354389)	(5, 0.0)	(6, 0.0)	(7, 0.0)	(8, 0.0)	(9, 0.004490723848550338)	(10, 0.002009961077375353)	(11, 0.0)	(12, 0.0009053878726916004)	(13, 0.0)	(14, 0.0001991853319921521)	(15, 0.0003983706639843042)	(16, 0.0)	(17, 0.0)	(18, 0.0)	(19, 0.0)	(20, 0.0)	(21, 0.0011951119919529126)	(22, 3.621551490766402e-05)	(23, 1.810775745383201e-05)	(24, 0.0)	(25, 0.0)	(26, 9.959267501307607e-05)	(27, 0.0)	(28, 0.0)	(29, 0.0)	(30, 0.0)	(31, 0.0)	(32, 0.0)	(33, 0.0)	(34, 0.0023902285284820627)	(35, 0.001638755907217081)	(36, 0.013653303510945188)	(37, 0.006817609568628204)	(38, 0.0009416111455614035)	(39, 0.0002987811900400475)	(40, 0.0)	(41, 9.054247619185588e-06)	(42, 0.0)	(43, 0.00017204936693982674)	(44, 0.0)	(45, 0.0)	(46, 2.7174983796915915e-05)	(47, 1.8130594308190006e-05)	(48, 0.0)	(49, 0.0036170535644839065)	(50, 0.01634473076883329)	(51, 0.007143454157426862)
sec66del_1	(1, 0.02770040530703999)	(2, 0.0)	(3, 0.0008569056113811969)	(4, 0.01121428647938001)	(5, 0.0)	(6, 0.0)	(7, 0.0)	(8, 0.0)	(9, 0.0035114501683772958)	(10, 0.0016299834999098854)	(11, 0.0)	(12, 0.0008662198028092533)	(13, 0.0)	(14, 9.314191428056487e-05)	(15, 0.00040051023140642893)	(16, 0.0)	(17, 0.0)	(18, 0.0)	(19, 0.0)	(20, 0.0)	(21, 0.001071132014226496)	(22, 8.382772285250838e-05)	(23, 2.794257428416946e-05)	(24, 0.0)	(25, 0.0)	(26, 0.0002049122114172427)	(27, 0.0)	(28, 0.0)	(29, 0.0)	(30, 0.0)	(31, 0.0)	(32, 0.0)	(33, 0.0)	(34, 0.00203049940505436)	(35, 0.0012108492840993321)	(36, 0.011232968221504446)	(37, 0.005989062463034072)	(38, 0.0007637698861926984)	(39, 0.00024217150343701908)	(40, 0.0)	(41, 9.314578367692795e-06)	(42, 0.0)	(43, 0.000121102919688922)	(44, 0.0)	(45, 0.0)	(46, 2.7956622504521985e-05)	(47, 9.325904069460826e-06)	(48, 0.0)	(49, 0.00236877963364305)	(50, 0.014287285034413986)	(51, 0.005782060523065712)
sec66del_2	(1, 0.027799541377945852)	(2, 0.0)	(3, 0.0011348546954920932)	(4, 0.012826497256026914)	(5, 0.0)	(6, 0.0)	(7, 0.0)	(8, 0.0)	(9, 0.004926501003686606)	(10, 0.001873829846045084)	(11, 0.0)	(12, 0.0007741644434364667)	(13, 0.0)	(14, 0.00015835181797564093)	(15, 0.000439866161043447)	(16, 0.0)	(17, 0.0)	(18, 0.0)	(19, 0.0)	(20, 0.0)	(21, 0.0012492198973633895)	(22, 4.39866161043447e-05)	(23, 3.518929288347576e-05)	(24, 8.79732322086894e-06)	(25, 0.0)	(26, 0.00014075717153390303)	(27, 0.0)	(28, 0.0)	(29, 0.0)	(30, 0.0)	(31, 0.0)	(32, 0.0)	(33, 0.0)	(34, 0.0020849742241762525)	(35, 0.0016890951227114409)	(36, 0.01386468141319812)	(37, 0.006861977912348789)	(38, 0.0011348681736249775)	(39, 0.00035189856312778703)	(40, 0.0)	(41, 0.0)	(42, 0.0)	(43, 0.0001143857402160817)	(44, 0.0)	(45, 0.0)	(46, 5.2812805626605895e-05)	(47, 1.761755977417812e-05)	(48, 0.0)	(49, 0.0033209100174325756)	(50, 0.014596148272906572)	(51, 0.006395174198026658)
sec66del_3	(1, 0.02778043416341508)	(2, 0.0)	(3, 0.0008804318312073559)	(4, 0.012663232295663247)	(5, 0.0)	(6, 0.0)	(7, 0.0)	(8, 0.0)	(9, 0.004177368050196603)	(10, 0.0017702299584913858)	(11, 0.0)	(12, 0.000899164423360704)	(13, 0.0)	(14, 0.00014049444115010997)	(15, 0.00029972147445356793)	(16, 0.0)	(17, 0.0)	(18, 0.0)	(19, 0.0)	(20, 0.0)	(21, 0.0010396588645108138)	(22, 7.493036861339198e-05)	(23, 4.683148038336999e-05)	(24, 9.366296076673998e-06)	(25, 0.0)	(26, 0.0001030292954435294)	(27, 0.0)	(28, 0.0)	(29, 0.0)	(30, 0.0)	(31, 0.0)	(32, 0.0)	(33, 0.0)	(34, 0.002004396559556335)	(35, 0.0013206559107828558)	(36, 0.012204387809924012)	(37, 0.005957030701187472)	(38, 0.0008898120454699575)	(39, 0.0002903615422693815)	(40, 0.0)	(41, 0.0)	(42, 0.0)	(43, 0.00021546993571407624)	(44, 0.0)	(45, 0.0)	(46, 3.748823923644704e-05)	(47, 2.8137935536552444e-05)	(48, 0.0)	(49, 0.002335448649533853)	(50, 0.01366565735891897)	(51, 0.005364966375635999)
