Sample	0	1	2	3	4	5	6	7	8	9	10	11	12	13	14	15	16	17	18	19	20	21	22	23	24	25	26	27	28	29	30	31	32	33	34	35	36	37	38	39	40	41	42	43	44	45	46	47	48	49	50	51	52	53	54	55	56	57	58	59	60	61	62	63	64	65	66	67	68	69	70	71	72	73	74	75	76	77	78	79	80	81	82	83	84	85	86	87	88	89	90	91	92	93	94	95	96	97	98	99	100
SRR2549634	(0.0, 3.5303663134564585e-05)	(1.0, 5.295549470184688e-05)	(2.0, 7.060732626912917e-05)	(3.0, 0.00017210535778100237)	(4.0, 0.0002736033892928756)	(5.0, 0.0007413769258258564)	(6.0, 0.0012091504623588372)	(7.0, 0.0021049809143984135)	(8.0, 0.00300081136643799)	(9.0, 0.005811865543527695)	(10.0, 0.008622919720617402)	(11.0, 0.013786080454047472)	(12.0, 0.018949241187477543)	(13.0, 0.0334193301147572)	(14.0, 0.04788941904203686)	(15.0, 0.06556331539877827)	(16.0, 0.08323721175551967)	(17.0, 0.10055807148091542)	(18.0, 0.11787893120631117)	(19.0, 0.144396395178261)	(20.0, 0.17091385915021082)	(21.0, 0.2142888222689152)	(22.0, 0.25766378538761964)	(23.0, 0.31017357134239265)	(24.0, 0.36268335729716566)	(25.0, 0.4292484141373872)	(26.0, 0.6149721599725478)	(27.0, 0.7341308489674869)	(28.0, 0.9089104592309327)	(29.0, 1.0836900694943783)	(30.0, 1.3434941394595308)	(31.0, 1.6032982094246837)	(32.0, 1.9086395918755328)	(33.0, 2.2139809743263816)	(34.0, 2.56086594237083)	(35.0, 2.907750910415278)	(36.0, 3.327352598601145)	(37.0, 3.7469542867870125)	(38.0, 4.253857520946767)	(39.0, 4.760760755106521)	(40.0, 5.1593170471062955)	(41.0, 5.557873339106071)	(42.0, 5.671582025104612)	(43.0, 5.785290711103152)	(44.0, 5.712423950393411)	(45.0, 5.63955718968367)	(46.0, 5.206866668390663)	(47.0, 4.774176147097655)	(48.0, 4.236421924316184)	(49.0, 3.698667701534712)	(50.0, 3.11921985259132)	(51.0, 2.5397720036479274)	(52.0, 2.0790812645313186)	(53.0, 1.6183905254147097)	(54.0, 1.2737385140635231)	(55.0, 0.9290865027123363)	(56.0, 0.7310020618221862)	(57.0, 0.5329176209320361)	(58.0, 0.4066452438154822)	(59.0, 0.28037286669892836)	(60.0, 0.21233388192283872)	(61.0, 0.14429489714674912)	(62.0, 0.1039428101839418)	(63.0, 0.06359072322113447)	(64.0, 0.049972335166976176)	(65.0, 0.036353947112817885)	(66.0, 0.02677341552967542)	(67.0, 0.017192883946532955)	(68.0, 0.012475431960176761)	(69.0, 0.007757979973820568)	(70.0, 0.005114618196620045)	(71.0, 0.002471256419419521)	(72.0, 0.001751944283052768)	(73.0, 0.0010326321466860144)	(74.0, 0.0006663566416649066)	(75.0, 0.00018093127356464352)	(76.0, 6.178141048548803e-05)	(77.0, 4.4129578918205736e-05)	(78.0, 2.647774735092344e-05)	(79.0, 2.647774735092344e-05)	(80.0, 2.647774735092344e-05)	(81.0, 1.7651831567282292e-05)	(82.0, 8.825915783641146e-06)	(83.0, 4.412957891820573e-06)	(84.0, 0.0)	(85.0, 4.412957891820573e-06)	(86.0, 8.825915783641146e-06)	(87.0, 4.412957891820573e-06)	(88.0, 0.0)	(89.0, 0.0)	(90.0, 0.0)	(91.0, 0.0)	(92.0, 0.0)	(93.0, 4.412957891820573e-06)	(94.0, 8.825915783641146e-06)	(95.0, 4.412957891820573e-06)	(96.0, 0.0)	(97.0, 8.825915783641146e-06)	(98.0, 1.7651831567282292e-05)	(99.0, 8.825915783641146e-06)	(100.0, 0.0)
SRR2549635	(0.0, 4.315571774539857e-05)	(1.0, 4.79507974948873e-05)	(2.0, 5.2745877244376035e-05)	(3.0, 0.0001582376317331281)	(4.0, 0.0002637293862218802)	(5.0, 0.0007576226004192194)	(6.0, 0.0012515158146165586)	(7.0, 0.0023136259791283124)	(8.0, 0.0033757361436400663)	(9.0, 0.006257579073082793)	(10.0, 0.009139422002525521)	(11.0, 0.013450198697315889)	(12.0, 0.01776097539210626)	(13.0, 0.0339971154238751)	(14.0, 0.05023325545564394)	(15.0, 0.06859841089618578)	(16.0, 0.08696356633672761)	(17.0, 0.1055636806849944)	(18.0, 0.12416379503326119)	(19.0, 0.15338021594689602)	(20.0, 0.18259663686053088)	(21.0, 0.22572837920718203)	(22.0, 0.2688601215538331)	(23.0, 0.3312321213953078)	(24.0, 0.3936041212367824)	(25.0, 0.46030847563192023)	(26.0, 0.6574485893726504)	(27.0, 0.7878843487182428)	(28.0, 0.9673330157232343)	(29.0, 1.1467816827282258)	(30.0, 1.4232971491021178)	(31.0, 1.6998126154760096)	(32.0, 2.0147798263610515)	(33.0, 2.3297470372460936)	(34.0, 2.6795672852902945)	(35.0, 3.0293875333344955)	(36.0, 3.4489833843533817)	(37.0, 3.8685792353722674)	(38.0, 4.372549309663158)	(39.0, 4.876519383954047)	(40.0, 5.242880259594109)	(41.0, 5.609241135234172)	(42.0, 5.6823013678372565)	(43.0, 5.755361600440342)	(44.0, 5.646263945979975)	(45.0, 5.537166291519607)	(46.0, 5.081767977551163)	(47.0, 4.626369663582719)	(48.0, 4.088498375462944)	(49.0, 3.5506270873431687)	(50.0, 2.9881354622496437)	(51.0, 2.4256438371561186)	(52.0, 1.9682723478707604)	(53.0, 1.5109008585854022)	(54.0, 1.1824307031258)	(55.0, 0.8539605476661976)	(56.0, 0.6711193617384428)	(57.0, 0.48827817581068794)	(58.0, 0.37205503284258007)	(59.0, 0.25583188987447225)	(60.0, 0.1922994807336213)	(61.0, 0.12876707159277037)	(62.0, 0.09348727233590703)	(63.0, 0.0582074730790437)	(64.0, 0.045337479031415946)	(65.0, 0.032467484983788195)	(66.0, 0.024198369955794878)	(67.0, 0.01592925492780156)	(68.0, 0.011592105294389006)	(69.0, 0.007254955660976449)	(70.0, 0.00481665760836143)	(71.0, 0.0023783595557464103)	(72.0, 0.001563195998333326)	(73.0, 0.000748032440920242)	(74.0, 0.0005058809135710611)	(75.0, 0.00018461057035531613)	(76.0, 0.00010549175448875207)	(77.0, 7.192619624233095e-05)	(78.0, 3.8360637995909845e-05)	(79.0, 2.6372938622188018e-05)	(80.0, 1.438523924846619e-05)	(81.0, 1.1987699373721825e-05)	(82.0, 9.590159498977461e-06)	(83.0, 7.192619624233095e-06)	(84.0, 4.7950797494887306e-06)	(85.0, 9.590159498977461e-06)	(86.0, 1.438523924846619e-05)	(87.0, 7.192619624233095e-06)	(88.0, 0.0)	(89.0, 2.3975398747443653e-06)	(90.0, 4.7950797494887306e-06)	(91.0, 4.7950797494887306e-06)	(92.0, 4.7950797494887306e-06)	(93.0, 4.7950797494887306e-06)	(94.0, 4.7950797494887306e-06)	(95.0, 4.7950797494887306e-06)	(96.0, 4.7950797494887306e-06)	(97.0, 4.7950797494887306e-06)	(98.0, 4.7950797494887306e-06)	(99.0, 7.192619624233095e-06)	(100.0, 9.590159498977461e-06)
SRR2549636	(0.0, 6.365378451984517e-05)	(1.0, 5.68337361784332e-05)	(2.0, 5.001368783702121e-05)	(3.0, 0.00020005475134808484)	(4.0, 0.0003500958148591485)	(5.0, 0.0007911256076037901)	(6.0, 0.0012321554003484317)	(7.0, 0.0021437685286505004)	(8.0, 0.0030553816569525685)	(9.0, 0.0063744718497730675)	(10.0, 0.009693562042593567)	(11.0, 0.01417433380290124)	(12.0, 0.018655105563208912)	(13.0, 0.03385471996676909)	(14.0, 0.04905433437032926)	(15.0, 0.06673417302071627)	(16.0, 0.08441401167110327)	(17.0, 0.10289179597743547)	(18.0, 0.12136958028376767)	(19.0, 0.147779080811162)	(20.0, 0.17418858133855633)	(21.0, 0.21772094990178903)	(22.0, 0.2612533184650217)	(23.0, 0.31936922373164034)	(24.0, 0.37748512899825903)	(25.0, 0.44475126578960544)	(26.0, 0.6346918854473763)	(27.0, 0.7573663683138008)	(28.0, 0.9339442399212985)	(29.0, 1.1105221115287962)	(30.0, 1.3838878358481654)	(31.0, 1.657253560167535)	(32.0, 1.9637033389910938)	(33.0, 2.270153117814653)	(34.0, 2.6201739121420458)	(35.0, 2.9701947064694387)	(36.0, 3.3966386891612474)	(37.0, 3.8230826718530557)	(38.0, 4.334761345366385)	(39.0, 4.846440018879712)	(40.0, 5.224475298444179)	(41.0, 5.602510578008645)	(42.0, 5.712140581747396)	(43.0, 5.821770585486146)	(44.0, 5.718671914709021)	(45.0, 5.615573243931896)	(46.0, 5.156161147557702)	(47.0, 4.696749051183509)	(48.0, 4.151090623483817)	(49.0, 3.605432195784128)	(50.0, 3.032641342432854)	(51.0, 2.45985048908158)	(52.0, 1.9955620581432763)	(53.0, 1.531273627204973)	(54.0, 1.199664690049945)	(55.0, 0.8680557528949173)	(56.0, 0.682329923112139)	(57.0, 0.49660409332936073)	(58.0, 0.3777215573407613)	(59.0, 0.25883902135216186)	(60.0, 0.19601500938052183)	(61.0, 0.13319099740888177)	(62.0, 0.09660598475610074)	(63.0, 0.060020972103319734)	(64.0, 0.04581935810705284)	(65.0, 0.03161774411078595)	(66.0, 0.023604187309626875)	(67.0, 0.015590630508467797)	(68.0, 0.011428127670759347)	(69.0, 0.007265624833050901)	(70.0, 0.00489224801023953)	(71.0, 0.002518871187428159)	(72.0, 0.0016890986392230345)	(73.0, 0.0008593260910179099)	(74.0, 0.0005887975068085679)	(75.0, 0.00024097504139655674)	(76.0, 0.0001636811601938876)	(77.0, 9.320732733263045e-05)	(78.0, 2.2733494471373278e-05)	(79.0, 1.8186795577098624e-05)	(80.0, 1.3640096682823968e-05)	(81.0, 1.3640096682823968e-05)	(82.0, 1.3640096682823968e-05)	(83.0, 1.3640096682823968e-05)	(84.0, 1.3640096682823968e-05)	(85.0, 6.820048341411984e-06)	(86.0, 0.0)	(87.0, 2.273349447137328e-06)	(88.0, 4.546698894274656e-06)	(89.0, 4.546698894274656e-06)	(90.0, 4.546698894274656e-06)	(91.0, 4.546698894274656e-06)	(92.0, 4.546698894274656e-06)	(93.0, 2.273349447137328e-06)	(94.0, 0.0)	(95.0, 0.0)	(96.0, 0.0)	(97.0, 0.0)	(98.0, 0.0)	(99.0, 4.546698894274656e-06)	(100.0, 9.093397788549312e-06)
SRR2549637	(0.0, 5.1446993461087126e-05)	(1.0, 3.040049613609694e-05)	(2.0, 9.353998811106751e-06)	(3.0, 0.00012160198454438777)	(4.0, 0.0002338499702776688)	(5.0, 0.0006103484224247156)	(6.0, 0.0009868468745717622)	(7.0, 0.0017866137729213897)	(8.0, 0.0025863806712710167)	(9.0, 0.004768200893961666)	(10.0, 0.006950021116652316)	(11.0, 0.011138274084325364)	(12.0, 0.015326527051998414)	(13.0, 0.02851566537565893)	(14.0, 0.04170480369931945)	(15.0, 0.05762764817552592)	(16.0, 0.07355049265173239)	(17.0, 0.08999248406195527)	(18.0, 0.10643447547217816)	(19.0, 0.1338954774818848)	(20.0, 0.16135647949159146)	(21.0, 0.20414167005359374)	(22.0, 0.24692686061559602)	(23.0, 0.30525605870195494)	(24.0, 0.3635852567883139)	(25.0, 0.4330363594610787)	(26.0, 0.6334364299902298)	(27.0, 0.764385397846616)	(28.0, 0.9497535922863185)	(29.0, 1.1351217867260208)	(30.0, 1.4129378899155942)	(31.0, 1.6907539931051676)	(32.0, 2.013742895053278)	(33.0, 2.3367317970013888)	(34.0, 2.6930630277116894)	(35.0, 3.04939425842199)	(36.0, 3.4754852737658215)	(37.0, 3.901576289109654)	(38.0, 4.39919031786291)	(39.0, 4.896804346616167)	(40.0, 5.238898791135964)	(41.0, 5.580993235655759)	(42.0, 5.6583227438271795)	(43.0, 5.735652251998599)	(44.0, 5.610968124845951)	(45.0, 5.486283997693304)	(46.0, 5.059984855875925)	(47.0, 4.6336857140585455)	(48.0, 4.098400793593259)	(49.0, 3.563115873127973)	(50.0, 3.0089873220577115)	(51.0, 2.4548587709874505)	(52.0, 2.0131816551246113)	(53.0, 1.571504539261773)	(54.0, 1.2334533607280778)	(55.0, 0.8954021821943827)	(56.0, 0.700757159433765)	(57.0, 0.5061121366731475)	(58.0, 0.38621725691178665)	(59.0, 0.26632237715042584)	(60.0, 0.20181018584992538)	(61.0, 0.1372979945494249)	(62.0, 0.09964113383561189)	(63.0, 0.06198427312179888)	(64.0, 0.04771240943575276)	(65.0, 0.03344054574970663)	(66.0, 0.02477406585121623)	(67.0, 0.016107585952725826)	(68.0, 0.011895947988025011)	(69.0, 0.0076843100233241965)	(70.0, 0.005107283350864286)	(71.0, 0.0025302566784043763)	(72.0, 0.0017024277836214287)	(73.0, 0.0008745988888384812)	(74.0, 0.000629056420046929)	(75.0, 0.00028061996433320256)	(76.0, 0.00017772597741102828)	(77.0, 9.58784878138442e-05)	(78.0, 1.4030998216660128e-05)	(79.0, 1.1692498513883439e-05)	(80.0, 9.353998811106751e-06)	(81.0, 7.015499108330064e-06)	(82.0, 4.676999405553376e-06)	(83.0, 2.338499702776688e-06)	(84.0, 0.0)	(85.0, 7.015499108330064e-06)	(86.0, 1.4030998216660128e-05)	(87.0, 1.1692498513883439e-05)	(88.0, 9.353998811106751e-06)	(89.0, 4.676999405553376e-06)	(90.0, 0.0)	(91.0, 0.0)	(92.0, 0.0)	(93.0, 4.676999405553376e-06)	(94.0, 9.353998811106751e-06)	(95.0, 9.353998811106751e-06)	(96.0, 9.353998811106751e-06)	(97.0, 7.015499108330064e-06)	(98.0, 4.676999405553376e-06)	(99.0, 4.676999405553376e-06)	(100.0, 4.676999405553376e-06)
SRR2549638	(0.0, 6.62470314705198e-05)	(1.0, 5.2997625176415845e-05)	(2.0, 3.9748218882311886e-05)	(3.0, 0.00010157878158813037)	(4.0, 0.00016340934429394887)	(5.0, 0.0004306057045583787)	(6.0, 0.0006978020648228086)	(7.0, 0.0013867711921162146)	(8.0, 0.0020757403194096202)	(9.0, 0.0037473737468490705)	(10.0, 0.00541900717428852)	(11.0, 0.009223795015078707)	(12.0, 0.013028582855868895)	(13.0, 0.024906675598533098)	(14.0, 0.0367847683411973)	(15.0, 0.05084459665362395)	(16.0, 0.0649044249660506)	(17.0, 0.08018099042315248)	(18.0, 0.09545755588025434)	(19.0, 0.12152355452952153)	(20.0, 0.14758955317878872)	(21.0, 0.1878346247971295)	(22.0, 0.2280796964154703)	(23.0, 0.2849108164796469)	(24.0, 0.3417419365438235)	(25.0, 0.4141631913473957)	(26.0, 0.6167046571309807)	(27.0, 0.7468248681109932)	(28.0, 0.9363377510387093)	(29.0, 1.1258506339664254)	(30.0, 1.4011644638203762)	(31.0, 1.6764782936743272)	(32.0, 2.011973135150481)	(33.0, 2.347467976626634)	(34.0, 2.712844645764757)	(35.0, 3.078221314902879)	(36.0, 3.502725667862823)	(37.0, 3.927230020822767)	(38.0, 4.4153513981038515)	(39.0, 4.903472775384935)	(40.0, 5.21802030551011)	(41.0, 5.532567835635286)	(42.0, 5.616407870429993)	(43.0, 5.7002479052247)	(44.0, 5.563829809786223)	(45.0, 5.427411714347747)	(46.0, 5.035726140778298)	(47.0, 4.64404056720885)	(48.0, 4.1116551317335475)	(49.0, 3.5792696962582444)	(50.0, 3.0385923406772144)	(51.0, 2.4979149850961844)	(52.0, 2.0643922029187207)	(53.0, 1.6308694207412564)	(54.0, 1.28045353954356)	(55.0, 0.9300376583458627)	(56.0, 0.7273482408586605)	(57.0, 0.5246588233714581)	(58.0, 0.39840743902932374)	(59.0, 0.27215605468718945)	(60.0, 0.20825858459949076)	(61.0, 0.14436111451179207)	(62.0, 0.10602395739980225)	(63.0, 0.06768680028781243)	(64.0, 0.051443028171240975)	(65.0, 0.035199256054669524)	(66.0, 0.025816468164061565)	(67.0, 0.016433680273453613)	(68.0, 0.01224465965013441)	(69.0, 0.008055639026815208)	(70.0, 0.005328469564612143)	(71.0, 0.0026013001024090777)	(72.0, 0.0018505004124098534)	(73.0, 0.0010997007224106288)	(74.0, 0.0007817149713521337)	(75.0, 0.00032681868858789773)	(76.0, 0.0001899081568821568)	(77.0, 0.00011924465664693565)	(78.0, 4.858115641171453e-05)	(79.0, 2.6498812588207923e-05)	(80.0, 4.41646876470132e-06)	(81.0, 6.624703147051981e-06)	(82.0, 8.83293752940264e-06)	(83.0, 8.83293752940264e-06)	(84.0, 8.83293752940264e-06)	(85.0, 6.624703147051981e-06)	(86.0, 4.41646876470132e-06)	(87.0, 2.20823438235066e-06)	(88.0, 0.0)	(89.0, 0.0)	(90.0, 0.0)	(91.0, 2.20823438235066e-06)	(92.0, 4.41646876470132e-06)	(93.0, 4.41646876470132e-06)	(94.0, 4.41646876470132e-06)	(95.0, 4.41646876470132e-06)	(96.0, 4.41646876470132e-06)	(97.0, 4.41646876470132e-06)	(98.0, 4.41646876470132e-06)	(99.0, 4.41646876470132e-06)	(100.0, 4.41646876470132e-06)
SRR2549639	(0.0, 4.7105896174365305e-05)	(1.0, 4.4750601365647034e-05)	(2.0, 4.239530655692877e-05)	(3.0, 0.0001342518040969411)	(4.0, 0.00022610830163695344)	(5.0, 0.0005699813437098202)	(6.0, 0.0009138543857826868)	(7.0, 0.0017193652103643334)	(8.0, 0.0025248760349459803)	(9.0, 0.004946119098308357)	(10.0, 0.007367362161670732)	(11.0, 0.01236765304057961)	(12.0, 0.01736794391948849)	(13.0, 0.03422478886548511)	(14.0, 0.05108163381148174)	(15.0, 0.07155385628886089)	(16.0, 0.09202607876624004)	(17.0, 0.11232165413296534)	(18.0, 0.13261722949969063)	(19.0, 0.16656409357774699)	(20.0, 0.20051095765580332)	(21.0, 0.2579330450923546)	(22.0, 0.3153551325289059)	(23.0, 0.3933106801078631)	(24.0, 0.47126622768682025)	(25.0, 0.5648538669112405)	(26.0, 0.8303026577382151)	(27.0, 1.0021638093407694)	(28.0, 1.2362165203675297)	(29.0, 1.4702692313942898)	(30.0, 1.8057291604104149)	(31.0, 2.1411890894265397)	(32.0, 2.506142020037435)	(33.0, 2.87109495064833)	(34.0, 3.2426497726080625)	(35.0, 3.614204594567795)	(36.0, 4.021854309471135)	(37.0, 4.4295040243744745)	(38.0, 4.867181392794164)	(39.0, 5.304858761213853)	(40.0, 5.508733079856506)	(41.0, 5.712607398499159)	(42.0, 5.62616572372439)	(43.0, 5.539724048949621)	(44.0, 5.272421641108186)	(45.0, 5.00511923326675)	(46.0, 4.504317608678602)	(47.0, 4.003515984090455)	(48.0, 3.473852576916274)	(49.0, 2.944189169742093)	(50.0, 2.4252305774735365)	(51.0, 1.90627198520498)	(52.0, 1.5296862535338254)	(53.0, 1.1531005218626706)	(54.0, 0.8868839049280539)	(55.0, 0.6206672879934372)	(56.0, 0.480430679787543)	(57.0, 0.34019407158164877)	(58.0, 0.2516608950167379)	(59.0, 0.16312771845182705)	(60.0, 0.12430303882491515)	(61.0, 0.08547835919800327)	(62.0, 0.06293818787856947)	(63.0, 0.040398016559135684)	(64.0, 0.02923862975542854)	(65.0, 0.018079242951721402)	(66.0, 0.0130624650091515)	(67.0, 0.008045687066581594)	(68.0, 0.005876460547752072)	(69.0, 0.0037072340289225495)	(70.0, 0.002407111294510067)	(71.0, 0.0011069885600975846)	(72.0, 0.0008219978882426745)	(73.0, 0.0005370072163877644)	(74.0, 0.0003603601057338945)	(75.0, 0.00014838357294925068)	(76.0, 0.00011305415081847672)	(77.0, 6.830354945282968e-05)	(78.0, 2.3552948087182652e-05)	(79.0, 2.1197653278464385e-05)	(80.0, 1.8842358469746122e-05)	(81.0, 1.413176885230959e-05)	(82.0, 9.421179234873061e-06)	(83.0, 7.065884426154795e-06)	(84.0, 4.7105896174365305e-06)	(85.0, 4.7105896174365305e-06)	(86.0, 4.7105896174365305e-06)	(87.0, 4.7105896174365305e-06)	(88.0, 4.7105896174365305e-06)	(89.0, 2.3552948087182652e-06)	(90.0, 0.0)	(91.0, 2.3552948087182652e-06)	(92.0, 4.7105896174365305e-06)	(93.0, 7.065884426154795e-06)	(94.0, 9.421179234873061e-06)	(95.0, 7.065884426154795e-06)	(96.0, 4.7105896174365305e-06)	(97.0, 2.3552948087182652e-06)	(98.0, 0.0)	(99.0, 0.0)	(100.0, 0.0)
WT_1	(0.0, 2.649554665059859e-05)	(1.0, 3.532739553413145e-05)	(2.0, 4.415924441766432e-05)	(3.0, 0.00015897327990359154)	(4.0, 0.00027378731538951875)	(5.0, 0.0007286275328914612)	(6.0, 0.0011834677503934036)	(7.0, 0.002053404865421391)	(8.0, 0.0029277579048911442)	(9.0, 0.00570537437876223)	(10.0, 0.008474159003749782)	(11.0, 0.01355247211178118)	(12.0, 0.01863961706869611)	(13.0, 0.03312384923769)	(14.0, 0.04760366548224213)	(15.0, 0.0652496995515408)	(16.0, 0.08292222916749005)	(17.0, 0.10021057335700563)	(18.0, 0.11780803225744486)	(19.0, 0.14464360509005947)	(20.0, 0.17114798358954159)	(21.0, 0.2140177780702101)	(22.0, 0.2568919884753204)	(23.0, 0.3096357900077787)	(24.0, 0.3623884233891205)	(25.0, 0.4292101920419301)	(26.0, 0.6150278766270197)	(27.0, 0.7342490047058299)	(28.0, 0.9092344266352664)	(29.0, 1.0847100161777392)	(30.0, 1.3447726384022478)	(31.0, 1.6040271464539135)	(32.0, 1.9091763572288571)	(33.0, 2.2144933731325884)	(34.0, 2.5615806183309884)	(35.0, 2.908778261640432)	(36.0, 3.328401481719287)	(37.0, 3.7480335336470256)	(38.0, 4.254888925148535)	(39.0, 4.761912121778831)	(40.0, 5.160784912905826)	(41.0, 5.5598122613882826)	(42.0, 5.673941828585736)	(43.0, 5.7874487504369005)	(44.0, 5.713283299437434)	(45.0, 5.639749325633138)	(46.0, 5.206856252606775)	(47.0, 4.773737967433882)	(48.0, 4.238223226305308)	(49.0, 3.7008317172889846)	(50.0, 3.1190601676329077)	(51.0, 2.5391653858645817)	(52.0, 2.0786860328505035)	(53.0, 1.6177915829388994)	(54.0, 1.2705762759316883)	(55.0, 0.9225881821471682)	(56.0, 0.7270819593368429)	(57.0, 0.5324589214148711)	(58.0, 0.4060795798159575)	(59.0, 0.2796693267459517)	(60.0, 0.21206593946694932)	(61.0, 0.1445067114323647)	(62.0, 0.10393319766141473)	(63.0, 0.06335968389046476)	(64.0, 0.04973655698761532)	(65.0, 0.03612667785809118)	(66.0, 0.026597112912759218)	(67.0, 0.017063132042985492)	(68.0, 0.012338092890295409)	(69.0, 0.007613053737605329)	(70.0, 0.004985578694754302)	(71.0, 0.0023625195763450407)	(72.0, 0.0016515557412206453)	(73.0, 0.0009361759816544835)	(74.0, 0.000613813497405534)	(75.0, 0.00017222105322889085)	(76.0, 5.299109330119718e-05)	(77.0, 3.9743319975897885e-05)	(78.0, 2.649554665059859e-05)	(79.0, 1.7663697767065726e-05)	(80.0, 8.831848883532863e-06)	(81.0, 4.415924441766431e-06)	(82.0, 0.0)	(83.0, 0.0)	(84.0, 0.0)	(85.0, 0.0)	(86.0, 0.0)	(87.0, 0.0)	(88.0, 0.0)	(89.0, 0.0)	(90.0, 0.0)	(91.0, 0.0)	(92.0, 0.0)	(93.0, 0.0)	(94.0, 0.0)	(95.0, 0.0)	(96.0, 0.0)	(97.0, 4.415924441766431e-06)	(98.0, 8.831848883532863e-06)	(99.0, 4.415924441766431e-06)	(100.0, 0.0)
WT_2	(0.0, 3.8386473528004095e-05)	(1.0, 4.078562812350435e-05)	(2.0, 4.3184782719004606e-05)	(3.0, 0.00015114673951651612)	(4.0, 0.0002591086963140277)	(5.0, 0.0007341413062230784)	(6.0, 0.001209173916132129)	(7.0, 0.0022624027835567414)	(8.0, 0.0033156316509813533)	(9.0, 0.006168226465031157)	(10.0, 0.009020821279080963)	(11.0, 0.013279320686093915)	(12.0, 0.017540219247702372)	(13.0, 0.0337321136127336)	(14.0, 0.049921608823169324)	(15.0, 0.06829193556091478)	(16.0, 0.08667425807163776)	(17.0, 0.10526530703216923)	(18.0, 0.12415145200794725)	(19.0, 0.1536034738223084)	(20.0, 0.1827627987760185)	(21.0, 0.22540537255644005)	(22.0, 0.2680359505638841)	(23.0, 0.3307306584534968)	(24.0, 0.39345655535285096)	(25.0, 0.4602610150645556)	(26.0, 0.6574571278871036)	(27.0, 0.7880455116747781)	(28.0, 0.9675742500560622)	(29.0, 1.1477747517240864)	(30.0, 1.4246203979626475)	(31.0, 1.7005447688365365)	(32.0, 2.015261070365069)	(33.0, 2.33011172455095)	(34.0, 2.680172371580392)	(35.0, 3.0303865645039463)	(36.0, 3.4501402533780756)	(37.0, 3.8699299295711374)	(38.0, 4.374073881341988)	(39.0, 4.878061888064131)	(40.0, 5.244168081028279)	(41.0, 5.610797289694246)	(42.0, 5.684631272370767)	(43.0, 5.757632748402649)	(44.0, 5.647290830246401)	(45.0, 5.537471927791972)	(46.0, 5.08130387046734)	(47.0, 4.6252197835535505)	(48.0, 4.0902203045299705)	(49.0, 3.553114367771542)	(50.0, 2.9881134605312316)	(51.0, 2.4250750617500407)	(52.0, 1.9646317109362272)	(53.0, 1.503850079324448)	(54.0, 1.1792516600170497)	(55.0, 0.8539143010942376)	(56.0, 0.6704557474855241)	(57.0, 0.4878081081300895)	(58.0, 0.37156187051431566)	(59.0, 0.2553108345893508)	(60.0, 0.1920139388962675)	(61.0, 0.12873383728535273)	(62.0, 0.09335830277470146)	(63.0, 0.05799236488243218)	(64.0, 0.04510410639540481)	(65.0, 0.03222304537216394)	(66.0, 0.02399154595500256)	(67.0, 0.01576484484703218)	(68.0, 0.01142957249296322)	(69.0, 0.007091900984298757)	(70.0, 0.0046855489250120005)	(71.0, 0.002276797711129743)	(72.0, 0.0014826775400191583)	(73.0, 0.000693355678099574)	(74.0, 0.00047023430071805016)	(75.0, 0.0001631425124940174)	(76.0, 7.917210165150845e-05)	(77.0, 4.558393731450487e-05)	(78.0, 1.4394927573001535e-05)	(79.0, 1.4394927573001535e-05)	(80.0, 1.4394927573001535e-05)	(81.0, 7.197463786500767e-06)	(82.0, 0.0)	(83.0, 0.0)	(84.0, 0.0)	(85.0, 0.0)	(86.0, 0.0)	(87.0, 0.0)	(88.0, 0.0)	(89.0, 0.0)	(90.0, 0.0)	(91.0, 0.0)	(92.0, 0.0)	(93.0, 0.0)	(94.0, 0.0)	(95.0, 0.0)	(96.0, 0.0)	(97.0, 2.399154595500256e-06)	(98.0, 4.798309191000512e-06)	(99.0, 4.798309191000512e-06)	(100.0, 4.798309191000512e-06)
WT_3	(0.0, 6.369256363842497e-05)	(1.0, 5.231889156013479e-05)	(2.0, 4.094521948184462e-05)	(3.0, 0.0001910776909152749)	(4.0, 0.00034121016234870517)	(5.0, 0.0007643107636610996)	(6.0, 0.001187411364973494)	(7.0, 0.0020904809279897337)	(8.0, 0.002993550491005973)	(9.0, 0.006273717518384858)	(10.0, 0.009553884545763745)	(11.0, 0.013998715593959543)	(12.0, 0.018448096110986658)	(13.0, 0.03359100311602219)	(14.0, 0.04872708591781075)	(15.0, 0.0663949481242267)	(16.0, 0.08408328294038357)	(17.0, 0.10253137905137023)	(18.0, 0.12138437788834402)	(19.0, 0.14819894718012094)	(20.0, 0.17460633901149505)	(21.0, 0.21743503858950453)	(22.0, 0.2602455402921887)	(23.0, 0.31872441264992546)	(24.0, 0.37724877969597537)	(25.0, 0.4446127646812724)	(26.0, 0.6345917588737845)	(27.0, 0.75741604364724)	(28.0, 0.9340901162425683)	(29.0, 1.1113556197859675)	(30.0, 1.3849561258324845)	(31.0, 1.6577309032861178)	(32.0, 1.9639988702758997)	(33.0, 2.2703669255799706)	(34.0, 2.620489497369224)	(35.0, 2.9707781247708205)	(36.0, 3.397536499023593)	(37.0, 3.8242311807127267)	(38.0, 4.3356710930572016)	(39.0, 4.8472156431847955)	(40.0, 5.225424360804179)	(41.0, 5.6040015853988985)	(42.0, 5.714210193103114)	(43.0, 5.8237977983118565)	(44.0, 5.719394312836399)	(45.0, 5.615316114382382)	(46.0, 5.155260177753206)	(47.0, 4.695165570638966)	(48.0, 4.152184190886977)	(49.0, 3.6072260669277822)	(50.0, 3.0308675090948434)	(51.0, 2.4564311018431355)	(52.0, 1.9937956163866046)	(53.0, 1.5309986247865617)	(54.0, 1.2002613396875461)	(55.0, 0.8683866873807015)	(56.0, 0.6817515527792068)	(57.0, 0.49616507074333044)	(58.0, 0.3771304935063612)	(59.0, 0.25809136680056055)	(60.0, 0.1956408081530849)	(61.0, 0.13321982105301278)	(62.0, 0.09649878338104513)	(63.0, 0.05977547097466183)	(64.0, 0.04558112822095569)	(65.0, 0.03139815913932785)	(66.0, 0.0234001929338742)	(67.0, 0.015397677259589236)	(68.0, 0.011250836419844637)	(69.0, 0.007106270314515699)	(70.0, 0.004765568600803582)	(71.0, 0.0024248668870914644)	(72.0, 0.0016059624974545722)	(73.0, 0.0007870581078176799)	(74.0, 0.0005413867909266121)	(75.0, 0.0002274734415658034)	(76.0, 0.00015923140909606239)	(77.0, 8.416517337934727e-05)	(78.0, 9.098937662632136e-06)	(79.0, 1.137367207829017e-05)	(80.0, 1.3648406493948206e-05)	(81.0, 6.824203246974103e-06)	(82.0, 0.0)	(83.0, 0.0)	(84.0, 0.0)	(85.0, 0.0)	(86.0, 0.0)	(87.0, 0.0)	(88.0, 0.0)	(89.0, 0.0)	(90.0, 0.0)	(91.0, 2.274734415658034e-06)	(92.0, 4.549468831316068e-06)	(93.0, 2.274734415658034e-06)	(94.0, 0.0)	(95.0, 0.0)	(96.0, 0.0)	(97.0, 0.0)	(98.0, 0.0)	(99.0, 4.549468831316068e-06)	(100.0, 9.098937662632136e-06)
sec66del_1	(0.0, 5.147848068471246e-05)	(1.0, 3.0419102222784638e-05)	(2.0, 9.359723760856812e-06)	(3.0, 0.00011699654701071015)	(4.0, 0.0002246333702605635)	(5.0, 0.000587322665993765)	(6.0, 0.0009500119617269665)	(7.0, 0.001738568688579153)	(8.0, 0.002527125415431339)	(9.0, 0.00471028098265119)	(10.0, 0.006893436549871041)	(11.0, 0.011004695211827396)	(12.0, 0.015115953873783752)	(13.0, 0.02831082444565164)	(14.0, 0.04150569501751953)	(15.0, 0.05737978651593268)	(16.0, 0.07327961725468819)	(17.0, 0.08973869148815489)	(18.0, 0.10645515812504516)	(19.0, 0.13416462031906176)	(20.0, 0.1616166901096548)	(21.0, 0.2039390210253091)	(22.0, 0.24622625297686015)	(23.0, 0.3048883216480302)	(24.0, 0.3635878292142437)	(25.0, 0.4330720784839044)	(26.0, 0.6334707839966695)	(27.0, 0.7645303159580669)	(28.0, 0.9499487835915806)	(29.0, 1.1359475540982675)	(30.0, 1.4140460064117852)	(31.0, 1.691372281515032)	(32.0, 2.0141657547175815)	(33.0, 2.337087924121843)	(34.0, 2.6935881025181776)	(35.0, 3.050200597599643)	(36.0, 3.4764213582905996)	(37.0, 3.902663178360019)	(38.0, 4.400298631346314)	(39.0, 4.897931744401669)	(40.0, 5.239840113454827)	(41.0, 5.582417702756888)	(42.0, 5.660587775676624)	(43.0, 5.73744280740796)	(44.0, 5.611269051249729)	(45.0, 5.485970429263139)	(46.0, 5.058710739234726)	(47.0, 4.6316803624384555)	(48.0, 4.100005934064865)	(49.0, 3.565593786491223)	(50.0, 3.006727020661403)	(51.0, 2.4502118854264983)	(52.0, 2.0108056138874337)	(53.0, 1.5710249533979352)	(54.0, 1.2336771097472536)	(55.0, 0.8955781482647633)	(56.0, 0.70022199392816)	(57.0, 0.5057152345228544)	(58.0, 0.3856884769445668)	(59.0, 0.265647679780638)	(60.0, 0.20150315291654605)	(61.0, 0.1373703257071552)	(62.0, 0.09956874136799476)	(63.0, 0.06178821640729624)	(64.0, 0.04747953870788639)	(65.0, 0.03317554087035697)	(66.0, 0.02450843666780356)	(67.0, 0.015836652603369725)	(68.0, 0.011699654701071014)	(69.0, 0.007560316867832089)	(70.0, 0.004984052902656253)	(71.0, 0.002410128868420629)	(72.0, 0.0015888131084054436)	(73.0, 0.0007721772102706869)	(74.0, 0.0005686032184720513)	(75.0, 0.0002667521271844191)	(76.0, 0.0001684750276954226)	(77.0, 8.42375138477113e-05)	(78.0, 4.679861880428406e-06)	(79.0, 2.339930940214203e-06)	(80.0, 0.0)	(81.0, 0.0)	(82.0, 0.0)	(83.0, 0.0)	(84.0, 0.0)	(85.0, 0.0)	(86.0, 0.0)	(87.0, 4.679861880428406e-06)	(88.0, 9.359723760856812e-06)	(89.0, 4.679861880428406e-06)	(90.0, 0.0)	(91.0, 0.0)	(92.0, 0.0)	(93.0, 2.339930940214203e-06)	(94.0, 4.679861880428406e-06)	(95.0, 4.679861880428406e-06)	(96.0, 4.679861880428406e-06)	(97.0, 2.339930940214203e-06)	(98.0, 0.0)	(99.0, 2.339930940214203e-06)	(100.0, 4.679861880428406e-06)
sec66del_2	(0.0, 6.187150018611168e-05)	(1.0, 4.861332157480204e-05)	(2.0, 3.535514296349239e-05)	(3.0, 9.50169467143858e-05)	(4.0, 0.00015467875046527922)	(5.0, 0.00042205201912669043)	(6.0, 0.0006894252877881016)	(7.0, 0.0013545439147888022)	(8.0, 0.0020196625417895028)	(9.0, 0.0036526282074158074)	(10.0, 0.0052855938730421125)	(11.0, 0.009061965080830143)	(12.0, 0.012838336288618175)	(13.0, 0.024686728574258562)	(14.0, 0.036537330556334166)	(15.0, 0.05061309684867457)	(16.0, 0.06470433101606152)	(17.0, 0.07989820370462236)	(18.0, 0.09541469207272509)	(19.0, 0.12182056447358346)	(20.0, 0.14790382119489998)	(21.0, 0.187567872207068)	(22.0, 0.22722087473705993)	(23.0, 0.2844343348377315)	(24.0, 0.3416897791706722)	(25.0, 0.41422748404958254)	(26.0, 0.6167682593016895)	(27.0, 0.7469967187112786)	(28.0, 0.9366350764781461)	(29.0, 1.1268788910682634)	(30.0, 1.40255840862966)	(31.0, 1.6774534839565542)	(32.0, 2.0126931592328243)	(33.0, 2.3479858672235396)	(34.0, 2.7135558357696157)	(35.0, 3.079196514601619)	(36.0, 3.50393773428997)	(37.0, 3.928782809710776)	(38.0, 4.416668314731925)	(39.0, 4.904664304574833)	(40.0, 5.219373690271491)	(41.0, 5.534657597041305)	(42.0, 5.619125452973959)	(43.0, 5.702296217099139)	(44.0, 5.564797856417682)	(45.0, 5.427909371952346)	(46.0, 5.034877296109377)	(47.0, 4.642200981392477)	(48.0, 4.113007411211359)	(49.0, 3.5814362076659454)	(50.0, 3.034878842896881)	(51.0, 2.4900273637758055)	(52.0, 2.060066841107469)	(53.0, 1.6303692723149232)	(54.0, 1.2809676525853393)	(55.0, 0.9303838452629135)	(56.0, 0.7268575454006992)	(57.0, 0.524325608934333)	(58.0, 0.3980215703936917)	(59.0, 0.27169764458513335)	(60.0, 0.20803187089362446)	(61.0, 0.14437935538072683)	(62.0, 0.1058997016578358)	(63.0, 0.06744214489929695)	(64.0, 0.0511964567075722)	(65.0, 0.03494855881941223)	(66.0, 0.02555071988042891)	(67.0, 0.016152880941445586)	(68.0, 0.012042845571939596)	(69.0, 0.007937229595304043)	(70.0, 0.0052215126764207824)	(71.0, 0.0025013763646670865)	(72.0, 0.0017699668446098378)	(73.0, 0.0010429767174230254)	(74.0, 0.0007402483057981218)	(75.0, 0.0003027284116249036)	(76.0, 0.00016793692907658887)	(77.0, 0.00010164603602004062)	(78.0, 3.535514296349239e-05)	(79.0, 1.988726791696447e-05)	(80.0, 4.419392870436549e-06)	(81.0, 2.2096964352182745e-06)	(82.0, 0.0)	(83.0, 0.0)	(84.0, 0.0)	(85.0, 0.0)	(86.0, 0.0)	(87.0, 0.0)	(88.0, 0.0)	(89.0, 0.0)	(90.0, 0.0)	(91.0, 0.0)	(92.0, 0.0)	(93.0, 0.0)	(94.0, 0.0)	(95.0, 2.2096964352182745e-06)	(96.0, 4.419392870436549e-06)	(97.0, 2.2096964352182745e-06)	(98.0, 0.0)	(99.0, 2.2096964352182745e-06)	(100.0, 4.419392870436549e-06)
sec66del_3	(0.0, 3.770529709464661e-05)	(1.0, 3.770529709464661e-05)	(2.0, 3.770529709464661e-05)	(3.0, 0.00011547247235235525)	(4.0, 0.00019323964761006388)	(5.0, 0.0005373004835987142)	(6.0, 0.0008813613195873645)	(7.0, 0.0016661028153696974)	(8.0, 0.0024508443111520297)	(9.0, 0.004838060933456843)	(10.0, 0.007225277555761657)	(11.0, 0.012188237285844516)	(12.0, 0.01715355359699579)	(13.0, 0.0339583331958661)	(14.0, 0.05077018253794167)	(15.0, 0.0712182364685822)	(16.0, 0.09171577860165946)	(17.0, 0.1120247942492635)	(18.0, 0.13266137466537728)	(19.0, 0.16692370681906898)	(20.0, 0.20083490839356674)	(21.0, 0.2576379384666519)	(22.0, 0.31438676717516345)	(23.0, 0.3926606073625814)	(24.0, 0.4709933620767097)	(25.0, 0.5646815990326329)	(26.0, 0.8302211538216817)	(27.0, 1.0023576179640856)	(28.0, 1.2365287221514567)	(29.0, 1.4714232967268315)	(30.0, 1.8073657109347905)	(31.0, 2.142348996647905)	(32.0, 2.5067282746084327)	(33.0, 2.8711688236767396)	(34.0, 3.2432117032717547)	(35.0, 3.6153959777308744)	(36.0, 4.023237680336187)	(37.0, 4.431008685509449)	(38.0, 4.868083776268456)	(39.0, 5.305568912133367)	(40.0, 5.509896273670325)	(41.0, 5.7144333709223725)	(42.0, 5.628439371154825)	(43.0, 5.541340134866192)	(44.0, 5.272852497160555)	(45.0, 5.00486916780356)	(46.0, 4.5003345873800935)	(47.0, 3.996009742671716)	(48.0, 3.4720710737309175)	(49.0, 2.9460374042202977)	(50.0, 2.425192926222328)	(51.0, 1.9060169076207965)	(52.0, 1.5293786949423718)	(53.0, 1.1528135362770677)	(54.0, 0.8872951907176345)	(55.0, 0.6209025535818194)	(56.0, 0.47994837013668834)	(57.0, 0.3398331295519131)	(58.0, 0.25134586701398276)	(59.0, 0.16283503866536822)	(60.0, 0.1241635433326713)	(61.0, 0.08551090064852168)	(62.0, 0.06285473025677589)	(63.0, 0.04021505593250903)	(64.0, 0.029091993289588277)	(65.0, 0.017973643808804358)	(66.0, 0.012961195876284772)	(67.0, 0.00795817426803885)	(68.0, 0.005823111820054487)	(69.0, 0.0036786230477964597)	(70.0, 0.0023777902980311517)	(71.0, 0.0010746009671974285)	(72.0, 0.0007870980768507481)	(73.0, 0.0005043083486408985)	(74.0, 0.00034406083598865036)	(75.0, 0.00014846460731017105)	(76.0, 0.00011311589128393983)	(77.0, 6.362768884721616e-05)	(78.0, 1.4139486410492479e-05)	(79.0, 9.426324273661653e-06)	(80.0, 4.7131621368308266e-06)	(81.0, 2.3565810684154133e-06)	(82.0, 0.0)	(83.0, 0.0)	(84.0, 0.0)	(85.0, 0.0)	(86.0, 0.0)	(87.0, 0.0)	(88.0, 0.0)	(89.0, 0.0)	(90.0, 0.0)	(91.0, 0.0)	(92.0, 0.0)	(93.0, 0.0)	(94.0, 0.0)	(95.0, 0.0)	(96.0, 0.0)	(97.0, 0.0)	(98.0, 0.0)	(99.0, 0.0)	(100.0, 0.0)
