Sample	0	1	2	3	4	5	6	7	8	9	10	11	12	13	14	15	16	17	18	19	20	21	22	23	24	25	26	27	28	29	30	31	32	33	34	35	36	37	38	39	40	41	42	43	44	45	46	47	48	49	50	51	52	53	54	55	56	57	58	59	60	61	62	63	64	65	66	67	68	69	70	71	72	73	74	75	76	77	78	79	80	81	82	83	84	85	86	87	88	89	90	91	92	93	94	95	96	97	98	99	100
SRR2549634	(0.0, 4.0)	(1.0, 6.0)	(2.0, 8.0)	(3.0, 19.5)	(4.0, 31.0)	(5.0, 84.0)	(6.0, 137.0)	(7.0, 238.5)	(8.0, 340.0)	(9.0, 658.5)	(10.0, 977.0)	(11.0, 1562.0)	(12.0, 2147.0)	(13.0, 3786.5)	(14.0, 5426.0)	(15.0, 7428.5)	(16.0, 9431.0)	(17.0, 11393.5)	(18.0, 13356.0)	(19.0, 16360.5)	(20.0, 19365.0)	(21.0, 24279.5)	(22.0, 29194.0)	(23.0, 35143.5)	(24.0, 41093.0)	(25.0, 48635.0)	(26.0, 69678.0)	(27.0, 83179.0)	(28.0, 102982.0)	(29.0, 122785.0)	(30.0, 152221.5)	(31.0, 181658.0)	(32.0, 216254.0)	(33.0, 250850.0)	(34.0, 290153.0)	(35.0, 329456.0)	(36.0, 376998.0)	(37.0, 424540.0)	(38.0, 481973.5)	(39.0, 539407.0)	(40.0, 584564.5)	(41.0, 629722.0)	(42.0, 642605.5)	(43.0, 655489.0)	(44.0, 647233.0)	(45.0, 638977.0)	(46.0, 589952.0)	(47.0, 540927.0)	(48.0, 479998.0)	(49.0, 419069.0)	(50.0, 353416.0)	(51.0, 287763.0)	(52.0, 235565.5)	(53.0, 183368.0)	(54.0, 144318.0)	(55.0, 105268.0)	(56.0, 82824.5)	(57.0, 60381.0)	(58.0, 46074.0)	(59.0, 31767.0)	(60.0, 24058.0)	(61.0, 16349.0)	(62.0, 11777.0)	(63.0, 7205.0)	(64.0, 5662.0)	(65.0, 4119.0)	(66.0, 3033.5)	(67.0, 1948.0)	(68.0, 1413.5)	(69.0, 879.0)	(70.0, 579.5)	(71.0, 280.0)	(72.0, 198.5)	(73.0, 117.0)	(74.0, 75.5)	(75.0, 20.5)	(76.0, 7.0)	(77.0, 5.0)	(78.0, 3.0)	(79.0, 3.0)	(80.0, 3.0)	(81.0, 2.0)	(82.0, 1.0)	(83.0, 0.5)	(84.0, 0.0)	(85.0, 0.5)	(86.0, 1.0)	(87.0, 0.5)	(88.0, 0.0)	(89.0, 0.0)	(90.0, 0.0)	(91.0, 0.0)	(92.0, 0.0)	(93.0, 0.5)	(94.0, 1.0)	(95.0, 0.5)	(96.0, 0.0)	(97.0, 1.0)	(98.0, 2.0)	(99.0, 1.0)	(100.0, 0.0)
SRR2549635	(0.0, 9.0)	(1.0, 10.0)	(2.0, 11.0)	(3.0, 33.0)	(4.0, 55.0)	(5.0, 158.0)	(6.0, 261.0)	(7.0, 482.5)	(8.0, 704.0)	(9.0, 1305.0)	(10.0, 1906.0)	(11.0, 2805.0)	(12.0, 3704.0)	(13.0, 7090.0)	(14.0, 10476.0)	(15.0, 14306.0)	(16.0, 18136.0)	(17.0, 22015.0)	(18.0, 25894.0)	(19.0, 31987.0)	(20.0, 38080.0)	(21.0, 47075.0)	(22.0, 56070.0)	(23.0, 69077.5)	(24.0, 82085.0)	(25.0, 95996.0)	(26.0, 137109.0)	(27.0, 164311.0)	(28.0, 201734.5)	(29.0, 239158.0)	(30.0, 296824.5)	(31.0, 354491.0)	(32.0, 420176.5)	(33.0, 485862.0)	(34.0, 558816.0)	(35.0, 631770.0)	(36.0, 719275.5)	(37.0, 806781.0)	(38.0, 911882.5)	(39.0, 1016984.0)	(40.0, 1093387.5)	(41.0, 1169791.0)	(42.0, 1185027.5)	(43.0, 1200264.0)	(44.0, 1177512.0)	(45.0, 1154760.0)	(46.0, 1059788.0)	(47.0, 964816.0)	(48.0, 852644.5)	(49.0, 740473.0)	(50.0, 623167.0)	(51.0, 505861.0)	(52.0, 410477.5)	(53.0, 315094.0)	(54.0, 246592.5)	(55.0, 178091.0)	(56.0, 139960.0)	(57.0, 101829.0)	(58.0, 77591.0)	(59.0, 53353.0)	(60.0, 40103.5)	(61.0, 26854.0)	(62.0, 19496.5)	(63.0, 12139.0)	(64.0, 9455.0)	(65.0, 6771.0)	(66.0, 5046.5)	(67.0, 3322.0)	(68.0, 2417.5)	(69.0, 1513.0)	(70.0, 1004.5)	(71.0, 496.0)	(72.0, 326.0)	(73.0, 156.0)	(74.0, 105.5)	(75.0, 38.5)	(76.0, 22.0)	(77.0, 15.0)	(78.0, 8.0)	(79.0, 5.5)	(80.0, 3.0)	(81.0, 2.5)	(82.0, 2.0)	(83.0, 1.5)	(84.0, 1.0)	(85.0, 2.0)	(86.0, 3.0)	(87.0, 1.5)	(88.0, 0.0)	(89.0, 0.5)	(90.0, 1.0)	(91.0, 1.0)	(92.0, 1.0)	(93.0, 1.0)	(94.0, 1.0)	(95.0, 1.0)	(96.0, 1.0)	(97.0, 1.0)	(98.0, 1.0)	(99.0, 1.5)	(100.0, 2.0)
SRR2549636	(0.0, 14.0)	(1.0, 12.5)	(2.0, 11.0)	(3.0, 44.0)	(4.0, 77.0)	(5.0, 174.0)	(6.0, 271.0)	(7.0, 471.5)	(8.0, 672.0)	(9.0, 1402.0)	(10.0, 2132.0)	(11.0, 3117.5)	(12.0, 4103.0)	(13.0, 7446.0)	(14.0, 10789.0)	(15.0, 14677.5)	(16.0, 18566.0)	(17.0, 22630.0)	(18.0, 26694.0)	(19.0, 32502.5)	(20.0, 38311.0)	(21.0, 47885.5)	(22.0, 57460.0)	(23.0, 70242.0)	(24.0, 83024.0)	(25.0, 97818.5)	(26.0, 139594.0)	(27.0, 166575.0)	(28.0, 205411.5)	(29.0, 244248.0)	(30.0, 304372.0)	(31.0, 364496.0)	(32.0, 431896.5)	(33.0, 499297.0)	(34.0, 576280.5)	(35.0, 653264.0)	(36.0, 747056.0)	(37.0, 840848.0)	(38.0, 953386.5)	(39.0, 1065925.0)	(40.0, 1149070.0)	(41.0, 1232215.0)	(42.0, 1256327.0)	(43.0, 1280439.0)	(44.0, 1257763.5)	(45.0, 1235088.0)	(46.0, 1134045.0)	(47.0, 1033002.0)	(48.0, 912990.0)	(49.0, 792978.0)	(50.0, 666998.5)	(51.0, 541019.0)	(52.0, 438903.5)	(53.0, 336788.0)	(54.0, 263854.0)	(55.0, 190920.0)	(56.0, 150071.5)	(57.0, 109223.0)	(58.0, 83076.0)	(59.0, 56929.0)	(60.0, 43111.5)	(61.0, 29294.0)	(62.0, 21247.5)	(63.0, 13201.0)	(64.0, 10077.5)	(65.0, 6954.0)	(66.0, 5191.5)	(67.0, 3429.0)	(68.0, 2513.5)	(69.0, 1598.0)	(70.0, 1076.0)	(71.0, 554.0)	(72.0, 371.5)	(73.0, 189.0)	(74.0, 129.5)	(75.0, 53.0)	(76.0, 36.0)	(77.0, 20.5)	(78.0, 5.0)	(79.0, 4.0)	(80.0, 3.0)	(81.0, 3.0)	(82.0, 3.0)	(83.0, 3.0)	(84.0, 3.0)	(85.0, 1.5)	(86.0, 0.0)	(87.0, 0.5)	(88.0, 1.0)	(89.0, 1.0)	(90.0, 1.0)	(91.0, 1.0)	(92.0, 1.0)	(93.0, 0.5)	(94.0, 0.0)	(95.0, 0.0)	(96.0, 0.0)	(97.0, 0.0)	(98.0, 0.0)	(99.0, 1.0)	(100.0, 2.0)
SRR2549637	(0.0, 11.0)	(1.0, 6.5)	(2.0, 2.0)	(3.0, 26.0)	(4.0, 50.0)	(5.0, 130.5)	(6.0, 211.0)	(7.0, 382.0)	(8.0, 553.0)	(9.0, 1019.5)	(10.0, 1486.0)	(11.0, 2381.5)	(12.0, 3277.0)	(13.0, 6097.0)	(14.0, 8917.0)	(15.0, 12321.5)	(16.0, 15726.0)	(17.0, 19241.5)	(18.0, 22757.0)	(19.0, 28628.5)	(20.0, 34500.0)	(21.0, 43648.0)	(22.0, 52796.0)	(23.0, 65267.5)	(24.0, 77739.0)	(25.0, 92588.5)	(26.0, 135436.5)	(27.0, 163435.0)	(28.0, 203069.0)	(29.0, 242703.0)	(30.0, 302103.5)	(31.0, 361504.0)	(32.0, 430563.0)	(33.0, 499622.0)	(34.0, 575810.0)	(35.0, 651998.0)	(36.0, 743101.5)	(37.0, 834205.0)	(38.0, 940601.0)	(39.0, 1046997.0)	(40.0, 1120141.0)	(41.0, 1193285.0)	(42.0, 1209819.0)	(43.0, 1226353.0)	(44.0, 1199694.0)	(45.0, 1173035.0)	(46.0, 1081887.0)	(47.0, 990739.0)	(48.0, 876288.5)	(49.0, 761838.0)	(50.0, 643358.5)	(51.0, 524879.0)	(52.0, 430443.0)	(53.0, 336007.0)	(54.0, 263727.5)	(55.0, 191448.0)	(56.0, 149830.5)	(57.0, 108213.0)	(58.0, 82578.0)	(59.0, 56943.0)	(60.0, 43149.5)	(61.0, 29356.0)	(62.0, 21304.5)	(63.0, 13253.0)	(64.0, 10201.5)	(65.0, 7150.0)	(66.0, 5297.0)	(67.0, 3444.0)	(68.0, 2543.5)	(69.0, 1643.0)	(70.0, 1092.0)	(71.0, 541.0)	(72.0, 364.0)	(73.0, 187.0)	(74.0, 134.5)	(75.0, 60.0)	(76.0, 38.0)	(77.0, 20.5)	(78.0, 3.0)	(79.0, 2.5)	(80.0, 2.0)	(81.0, 1.5)	(82.0, 1.0)	(83.0, 0.5)	(84.0, 0.0)	(85.0, 1.5)	(86.0, 3.0)	(87.0, 2.5)	(88.0, 2.0)	(89.0, 1.0)	(90.0, 0.0)	(91.0, 0.0)	(92.0, 0.0)	(93.0, 1.0)	(94.0, 2.0)	(95.0, 2.0)	(96.0, 2.0)	(97.0, 1.5)	(98.0, 1.0)	(99.0, 1.0)	(100.0, 1.0)
SRR2549638	(0.0, 15.0)	(1.0, 12.0)	(2.0, 9.0)	(3.0, 23.0)	(4.0, 37.0)	(5.0, 97.5)	(6.0, 158.0)	(7.0, 314.0)	(8.0, 470.0)	(9.0, 848.5)	(10.0, 1227.0)	(11.0, 2088.5)	(12.0, 2950.0)	(13.0, 5639.5)	(14.0, 8329.0)	(15.0, 11512.5)	(16.0, 14696.0)	(17.0, 18155.0)	(18.0, 21614.0)	(19.0, 27516.0)	(20.0, 33418.0)	(21.0, 42530.5)	(22.0, 51643.0)	(23.0, 64511.0)	(24.0, 77379.0)	(25.0, 93777.0)	(26.0, 139637.5)	(27.0, 169100.0)	(28.0, 212010.5)	(29.0, 254921.0)	(30.0, 317259.0)	(31.0, 379597.0)	(32.0, 455561.5)	(33.0, 531526.0)	(34.0, 614256.5)	(35.0, 696987.0)	(36.0, 793105.5)	(37.0, 889224.0)	(38.0, 999747.0)	(39.0, 1110270.0)	(40.0, 1181491.5)	(41.0, 1252713.0)	(42.0, 1271696.5)	(43.0, 1290680.0)	(44.0, 1259791.5)	(45.0, 1228903.0)	(46.0, 1140215.5)	(47.0, 1051528.0)	(48.0, 930982.5)	(49.0, 810437.0)	(50.0, 688014.0)	(51.0, 565591.0)	(52.0, 467430.5)	(53.0, 369270.0)	(54.0, 289927.0)	(55.0, 210584.0)	(56.0, 164690.0)	(57.0, 118796.0)	(58.0, 90209.5)	(59.0, 61623.0)	(60.0, 47155.0)	(61.0, 32687.0)	(62.0, 24006.5)	(63.0, 15326.0)	(64.0, 11648.0)	(65.0, 7970.0)	(66.0, 5845.5)	(67.0, 3721.0)	(68.0, 2772.5)	(69.0, 1824.0)	(70.0, 1206.5)	(71.0, 589.0)	(72.0, 419.0)	(73.0, 249.0)	(74.0, 177.0)	(75.0, 74.0)	(76.0, 43.0)	(77.0, 27.0)	(78.0, 11.0)	(79.0, 6.0)	(80.0, 1.0)	(81.0, 1.5)	(82.0, 2.0)	(83.0, 2.0)	(84.0, 2.0)	(85.0, 1.5)	(86.0, 1.0)	(87.0, 0.5)	(88.0, 0.0)	(89.0, 0.0)	(90.0, 0.0)	(91.0, 0.5)	(92.0, 1.0)	(93.0, 1.0)	(94.0, 1.0)	(95.0, 1.0)	(96.0, 1.0)	(97.0, 1.0)	(98.0, 1.0)	(99.0, 1.0)	(100.0, 1.0)
SRR2549639	(0.0, 10.0)	(1.0, 9.5)	(2.0, 9.0)	(3.0, 28.5)	(4.0, 48.0)	(5.0, 121.0)	(6.0, 194.0)	(7.0, 365.0)	(8.0, 536.0)	(9.0, 1050.0)	(10.0, 1564.0)	(11.0, 2625.5)	(12.0, 3687.0)	(13.0, 7265.5)	(14.0, 10844.0)	(15.0, 15190.0)	(16.0, 19536.0)	(17.0, 23844.5)	(18.0, 28153.0)	(19.0, 35359.5)	(20.0, 42566.0)	(21.0, 54756.0)	(22.0, 66946.0)	(23.0, 83495.0)	(24.0, 100044.0)	(25.0, 119911.5)	(26.0, 176263.0)	(27.0, 212747.0)	(28.0, 262433.5)	(29.0, 312120.0)	(30.0, 383334.0)	(31.0, 454548.0)	(32.0, 532023.0)	(33.0, 609498.0)	(34.0, 688374.5)	(35.0, 767251.0)	(36.0, 853790.0)	(37.0, 940329.0)	(38.0, 1033242.5)	(39.0, 1126156.0)	(40.0, 1169436.0)	(41.0, 1212716.0)	(42.0, 1194365.5)	(43.0, 1176015.0)	(44.0, 1119270.0)	(45.0, 1062525.0)	(46.0, 956211.0)	(47.0, 849897.0)	(48.0, 737456.0)	(49.0, 625015.0)	(50.0, 514846.5)	(51.0, 404678.0)	(52.0, 324733.5)	(53.0, 244789.0)	(54.0, 188274.5)	(55.0, 131760.0)	(56.0, 101989.5)	(57.0, 72219.0)	(58.0, 53424.5)	(59.0, 34630.0)	(60.0, 26388.0)	(61.0, 18146.0)	(62.0, 13361.0)	(63.0, 8576.0)	(64.0, 6207.0)	(65.0, 3838.0)	(66.0, 2773.0)	(67.0, 1708.0)	(68.0, 1247.5)	(69.0, 787.0)	(70.0, 511.0)	(71.0, 235.0)	(72.0, 174.5)	(73.0, 114.0)	(74.0, 76.5)	(75.0, 31.5)	(76.0, 24.0)	(77.0, 14.5)	(78.0, 5.0)	(79.0, 4.5)	(80.0, 4.0)	(81.0, 3.0)	(82.0, 2.0)	(83.0, 1.5)	(84.0, 1.0)	(85.0, 1.0)	(86.0, 1.0)	(87.0, 1.0)	(88.0, 1.0)	(89.0, 0.5)	(90.0, 0.0)	(91.0, 0.5)	(92.0, 1.0)	(93.0, 1.5)	(94.0, 2.0)	(95.0, 1.5)	(96.0, 1.0)	(97.0, 0.5)	(98.0, 0.0)	(99.0, 0.0)	(100.0, 0.0)
WT_1	(0.0, 3.0)	(1.0, 4.0)	(2.0, 5.0)	(3.0, 18.0)	(4.0, 31.0)	(5.0, 82.5)	(6.0, 134.0)	(7.0, 232.5)	(8.0, 331.5)	(9.0, 646.0)	(10.0, 959.5)	(11.0, 1534.5)	(12.0, 2110.5)	(13.0, 3750.5)	(14.0, 5390.0)	(15.0, 7388.0)	(16.0, 9389.0)	(17.0, 11346.5)	(18.0, 13339.0)	(19.0, 16377.5)	(20.0, 19378.5)	(21.0, 24232.5)	(22.0, 29087.0)	(23.0, 35059.0)	(24.0, 41032.0)	(25.0, 48598.0)	(26.0, 69637.5)	(27.0, 83136.5)	(28.0, 102949.5)	(29.0, 122818.0)	(30.0, 152264.0)	(31.0, 181618.5)	(32.0, 216169.5)	(33.0, 250739.5)	(34.0, 290039.0)	(35.0, 329351.0)	(36.0, 376863.5)	(37.0, 424377.0)	(38.0, 481766.5)	(39.0, 539175.0)	(40.0, 584338.0)	(41.0, 629518.5)	(42.0, 642441.0)	(43.0, 655293.0)	(44.0, 646895.5)	(45.0, 638569.5)	(46.0, 589554.5)	(47.0, 540514.0)	(48.0, 479879.5)	(49.0, 419032.5)	(50.0, 353160.5)	(51.0, 287501.0)	(52.0, 235362.5)	(53.0, 183177.0)	(54.0, 143863.0)	(55.0, 104461.5)	(56.0, 82325.0)	(57.0, 60288.5)	(58.0, 45979.0)	(59.0, 31666.0)	(60.0, 24011.5)	(61.0, 16362.0)	(62.0, 11768.0)	(63.0, 7174.0)	(64.0, 5631.5)	(65.0, 4090.5)	(66.0, 3011.5)	(67.0, 1932.0)	(68.0, 1397.0)	(69.0, 862.0)	(70.0, 564.5)	(71.0, 267.5)	(72.0, 187.0)	(73.0, 106.0)	(74.0, 69.5)	(75.0, 19.5)	(76.0, 6.0)	(77.0, 4.5)	(78.0, 3.0)	(79.0, 2.0)	(80.0, 1.0)	(81.0, 0.5)	(82.0, 0.0)	(83.0, 0.0)	(84.0, 0.0)	(85.0, 0.0)	(86.0, 0.0)	(87.0, 0.0)	(88.0, 0.0)	(89.0, 0.0)	(90.0, 0.0)	(91.0, 0.0)	(92.0, 0.0)	(93.0, 0.0)	(94.0, 0.0)	(95.0, 0.0)	(96.0, 0.0)	(97.0, 0.5)	(98.0, 1.0)	(99.0, 0.5)	(100.0, 0.0)
WT_2	(0.0, 8.0)	(1.0, 8.5)	(2.0, 9.0)	(3.0, 31.5)	(4.0, 54.0)	(5.0, 153.0)	(6.0, 252.0)	(7.0, 471.5)	(8.0, 691.0)	(9.0, 1285.5)	(10.0, 1880.0)	(11.0, 2767.5)	(12.0, 3655.5)	(13.0, 7030.0)	(14.0, 10404.0)	(15.0, 14232.5)	(16.0, 18063.5)	(17.0, 21938.0)	(18.0, 25874.0)	(19.0, 32012.0)	(20.0, 38089.0)	(21.0, 46976.0)	(22.0, 55860.5)	(23.0, 68926.5)	(24.0, 81999.0)	(25.0, 95921.5)	(26.0, 137018.5)	(27.0, 164234.0)	(28.0, 201649.0)	(29.0, 239204.0)	(30.0, 296900.5)	(31.0, 354405.0)	(32.0, 419994.0)	(33.0, 485611.0)	(34.0, 558566.0)	(35.0, 631553.0)	(36.0, 719032.5)	(37.0, 806519.5)	(38.0, 911586.5)	(39.0, 1016621.0)	(40.0, 1092920.0)	(41.0, 1169328.0)	(42.0, 1184715.5)	(43.0, 1199929.5)	(44.0, 1176933.5)	(45.0, 1154046.5)	(46.0, 1058978.0)	(47.0, 963927.0)	(48.0, 852429.5)	(49.0, 740493.0)	(50.0, 622743.0)	(51.0, 505402.0)	(52.0, 409442.5)	(53.0, 313412.5)	(54.0, 245764.0)	(55.0, 177961.5)	(56.0, 139727.5)	(57.0, 101662.5)	(58.0, 77436.0)	(59.0, 53208.5)	(60.0, 40017.0)	(61.0, 26829.0)	(62.0, 19456.5)	(63.0, 12086.0)	(64.0, 9400.0)	(65.0, 6715.5)	(66.0, 5000.0)	(67.0, 3285.5)	(68.0, 2382.0)	(69.0, 1478.0)	(70.0, 976.5)	(71.0, 474.5)	(72.0, 309.0)	(73.0, 144.5)	(74.0, 98.0)	(75.0, 34.0)	(76.0, 16.5)	(77.0, 9.5)	(78.0, 3.0)	(79.0, 3.0)	(80.0, 3.0)	(81.0, 1.5)	(82.0, 0.0)	(83.0, 0.0)	(84.0, 0.0)	(85.0, 0.0)	(86.0, 0.0)	(87.0, 0.0)	(88.0, 0.0)	(89.0, 0.0)	(90.0, 0.0)	(91.0, 0.0)	(92.0, 0.0)	(93.0, 0.0)	(94.0, 0.0)	(95.0, 0.0)	(96.0, 0.0)	(97.0, 0.5)	(98.0, 1.0)	(99.0, 1.0)	(100.0, 1.0)
WT_3	(0.0, 14.0)	(1.0, 11.5)	(2.0, 9.0)	(3.0, 42.0)	(4.0, 75.0)	(5.0, 168.0)	(6.0, 261.0)	(7.0, 459.5)	(8.0, 658.0)	(9.0, 1379.0)	(10.0, 2100.0)	(11.0, 3077.0)	(12.0, 4055.0)	(13.0, 7383.5)	(14.0, 10710.5)	(15.0, 14594.0)	(16.0, 18482.0)	(17.0, 22537.0)	(18.0, 26681.0)	(19.0, 32575.0)	(20.0, 38379.5)	(21.0, 47793.5)	(22.0, 57203.5)	(23.0, 70057.5)	(24.0, 82921.5)	(25.0, 97728.5)	(26.0, 139487.0)	(27.0, 166484.5)	(28.0, 205318.5)	(29.0, 244282.5)	(30.0, 304421.5)	(31.0, 364379.0)	(32.0, 431698.5)	(33.0, 499040.0)	(34.0, 575999.0)	(35.0, 652994.5)	(36.0, 746798.5)	(37.0, 840588.5)	(38.0, 953006.0)	(39.0, 1065446.5)	(40.0, 1148579.0)	(41.0, 1231792.5)	(42.0, 1256017.0)	(43.0, 1280105.0)	(44.0, 1257156.5)	(45.0, 1234279.5)	(46.0, 1133156.5)	(47.0, 1032025.0)	(48.0, 912674.5)	(49.0, 792889.5)	(50.0, 666202.5)	(51.0, 539938.0)	(52.0, 438248.0)	(53.0, 336522.5)	(54.0, 263824.5)	(55.0, 190876.5)	(56.0, 149853.0)	(57.0, 109060.0)	(58.0, 82895.5)	(59.0, 56730.0)	(60.0, 43003.0)	(61.0, 29282.5)	(62.0, 21211.0)	(63.0, 13139.0)	(64.0, 10019.0)	(65.0, 6901.5)	(66.0, 5143.5)	(67.0, 3384.5)	(68.0, 2473.0)	(69.0, 1562.0)	(70.0, 1047.5)	(71.0, 533.0)	(72.0, 353.0)	(73.0, 173.0)	(74.0, 119.0)	(75.0, 50.0)	(76.0, 35.0)	(77.0, 18.5)	(78.0, 2.0)	(79.0, 2.5)	(80.0, 3.0)	(81.0, 1.5)	(82.0, 0.0)	(83.0, 0.0)	(84.0, 0.0)	(85.0, 0.0)	(86.0, 0.0)	(87.0, 0.0)	(88.0, 0.0)	(89.0, 0.0)	(90.0, 0.0)	(91.0, 0.5)	(92.0, 1.0)	(93.0, 0.5)	(94.0, 0.0)	(95.0, 0.0)	(96.0, 0.0)	(97.0, 0.0)	(98.0, 0.0)	(99.0, 1.0)	(100.0, 2.0)
sec66del_1	(0.0, 11.0)	(1.0, 6.5)	(2.0, 2.0)	(3.0, 25.0)	(4.0, 48.0)	(5.0, 125.5)	(6.0, 203.0)	(7.0, 371.5)	(8.0, 540.0)	(9.0, 1006.5)	(10.0, 1473.0)	(11.0, 2351.5)	(12.0, 3230.0)	(13.0, 6049.5)	(14.0, 8869.0)	(15.0, 12261.0)	(16.0, 15658.5)	(17.0, 19175.5)	(18.0, 22747.5)	(19.0, 28668.5)	(20.0, 34534.5)	(21.0, 43578.0)	(22.0, 52614.0)	(23.0, 65149.0)	(24.0, 77692.0)	(25.0, 92539.5)	(26.0, 135361.0)	(27.0, 163366.0)	(28.0, 202986.5)	(29.0, 242731.0)	(30.0, 302155.5)	(31.0, 361415.0)	(32.0, 430390.0)	(33.0, 499392.5)	(34.0, 575570.0)	(35.0, 651771.5)	(36.0, 742847.0)	(37.0, 833927.0)	(38.0, 940262.5)	(39.0, 1046597.5)	(40.0, 1119657.0)	(41.0, 1192859.5)	(42.0, 1209563.0)	(43.0, 1225985.5)	(44.0, 1199024.5)	(45.0, 1172250.5)	(46.0, 1080953.0)	(47.0, 989704.5)	(48.0, 876095.5)	(49.0, 761901.5)	(50.0, 642482.0)	(51.0, 523565.0)	(52.0, 429672.0)	(53.0, 335699.0)	(54.0, 263614.0)	(55.0, 191368.5)	(56.0, 149624.5)	(57.0, 108062.0)	(58.0, 82414.5)	(59.0, 56764.0)	(60.0, 43057.5)	(61.0, 29353.5)	(62.0, 21276.0)	(63.0, 13203.0)	(64.0, 10145.5)	(65.0, 7089.0)	(66.0, 5237.0)	(67.0, 3384.0)	(68.0, 2500.0)	(69.0, 1615.5)	(70.0, 1065.0)	(71.0, 515.0)	(72.0, 339.5)	(73.0, 165.0)	(74.0, 121.5)	(75.0, 57.0)	(76.0, 36.0)	(77.0, 18.0)	(78.0, 1.0)	(79.0, 0.5)	(80.0, 0.0)	(81.0, 0.0)	(82.0, 0.0)	(83.0, 0.0)	(84.0, 0.0)	(85.0, 0.0)	(86.0, 0.0)	(87.0, 1.0)	(88.0, 2.0)	(89.0, 1.0)	(90.0, 0.0)	(91.0, 0.0)	(92.0, 0.0)	(93.0, 0.5)	(94.0, 1.0)	(95.0, 1.0)	(96.0, 1.0)	(97.0, 0.5)	(98.0, 0.0)	(99.0, 0.5)	(100.0, 1.0)
sec66del_2	(0.0, 14.0)	(1.0, 11.0)	(2.0, 8.0)	(3.0, 21.5)	(4.0, 35.0)	(5.0, 95.5)	(6.0, 156.0)	(7.0, 306.5)	(8.0, 457.0)	(9.0, 826.5)	(10.0, 1196.0)	(11.0, 2050.5)	(12.0, 2905.0)	(13.0, 5586.0)	(14.0, 8267.5)	(15.0, 11452.5)	(16.0, 14641.0)	(17.0, 18079.0)	(18.0, 21590.0)	(19.0, 27565.0)	(20.0, 33467.0)	(21.0, 42442.0)	(22.0, 51414.5)	(23.0, 64360.5)	(24.0, 77316.0)	(25.0, 93729.5)	(26.0, 139559.5)	(27.0, 169027.0)	(28.0, 211937.5)	(29.0, 254985.0)	(30.0, 317364.5)	(31.0, 379566.5)	(32.0, 455423.0)	(33.0, 531291.5)	(34.0, 614011.0)	(35.0, 696746.5)	(36.0, 792855.0)	(37.0, 888987.0)	(38.0, 999383.5)	(39.0, 1109805.0)	(40.0, 1181016.0)	(41.0, 1252357.0)	(42.0, 1271470.0)	(43.0, 1290289.5)	(44.0, 1259177.0)	(45.0, 1228202.5)	(46.0, 1139269.0)	(47.0, 1050416.0)	(48.0, 930672.5)	(49.0, 810391.0)	(50.0, 686718.5)	(51.0, 563432.0)	(52.0, 466142.5)	(53.0, 368912.5)	(54.0, 289851.5)	(55.0, 210523.0)	(56.0, 164470.0)	(57.0, 118642.0)	(58.0, 90062.5)	(59.0, 61478.5)	(60.0, 47072.5)	(61.0, 32669.5)	(62.0, 23962.5)	(63.0, 15260.5)	(64.0, 11584.5)	(65.0, 7908.0)	(66.0, 5781.5)	(67.0, 3655.0)	(68.0, 2725.0)	(69.0, 1796.0)	(70.0, 1181.5)	(71.0, 566.0)	(72.0, 400.5)	(73.0, 236.0)	(74.0, 167.5)	(75.0, 68.5)	(76.0, 38.0)	(77.0, 23.0)	(78.0, 8.0)	(79.0, 4.5)	(80.0, 1.0)	(81.0, 0.5)	(82.0, 0.0)	(83.0, 0.0)	(84.0, 0.0)	(85.0, 0.0)	(86.0, 0.0)	(87.0, 0.0)	(88.0, 0.0)	(89.0, 0.0)	(90.0, 0.0)	(91.0, 0.0)	(92.0, 0.0)	(93.0, 0.0)	(94.0, 0.0)	(95.0, 0.5)	(96.0, 1.0)	(97.0, 0.5)	(98.0, 0.0)	(99.0, 0.5)	(100.0, 1.0)
sec66del_3	(0.0, 8.0)	(1.0, 8.0)	(2.0, 8.0)	(3.0, 24.5)	(4.0, 41.0)	(5.0, 114.0)	(6.0, 187.0)	(7.0, 353.5)	(8.0, 520.0)	(9.0, 1026.5)	(10.0, 1533.0)	(11.0, 2586.0)	(12.0, 3639.5)	(13.0, 7205.0)	(14.0, 10772.0)	(15.0, 15110.5)	(16.0, 19459.5)	(17.0, 23768.5)	(18.0, 28147.0)	(19.0, 35416.5)	(20.0, 42611.5)	(21.0, 54663.5)	(22.0, 66704.0)	(23.0, 83311.5)	(24.0, 99931.5)	(25.0, 119809.5)	(26.0, 176149.5)	(27.0, 212672.0)	(28.0, 262356.5)	(29.0, 312194.5)	(30.0, 383472.0)	(31.0, 454546.0)	(32.0, 531857.0)	(33.0, 609181.0)	(34.0, 688118.0)	(35.0, 767085.0)	(36.0, 853617.5)	(37.0, 940135.0)	(38.0, 1032870.0)	(39.0, 1125692.0)	(40.0, 1169044.5)	(41.0, 1212441.5)	(42.0, 1194196.0)	(43.0, 1175716.0)	(44.0, 1118750.5)	(45.0, 1061892.0)	(46.0, 954844.0)	(47.0, 847840.5)	(48.0, 736675.5)	(49.0, 625066.0)	(50.0, 514557.5)	(51.0, 404403.0)	(52.0, 324491.0)	(53.0, 244594.5)	(54.0, 188259.0)	(55.0, 131738.0)	(56.0, 101831.5)	(57.0, 72103.0)	(58.0, 53328.5)	(59.0, 34549.0)	(60.0, 26344.0)	(61.0, 18143.0)	(62.0, 13336.0)	(63.0, 8532.5)	(64.0, 6172.5)	(65.0, 3813.5)	(66.0, 2750.0)	(67.0, 1688.5)	(68.0, 1235.5)	(69.0, 780.5)	(70.0, 504.5)	(71.0, 228.0)	(72.0, 167.0)	(73.0, 107.0)	(74.0, 73.0)	(75.0, 31.5)	(76.0, 24.0)	(77.0, 13.5)	(78.0, 3.0)	(79.0, 2.0)	(80.0, 1.0)	(81.0, 0.5)	(82.0, 0.0)	(83.0, 0.0)	(84.0, 0.0)	(85.0, 0.0)	(86.0, 0.0)	(87.0, 0.0)	(88.0, 0.0)	(89.0, 0.0)	(90.0, 0.0)	(91.0, 0.0)	(92.0, 0.0)	(93.0, 0.0)	(94.0, 0.0)	(95.0, 0.0)	(96.0, 0.0)	(97.0, 0.0)	(98.0, 0.0)	(99.0, 0.0)	(100.0, 0.0)
