Sample	0	1	2	3	4	5	6	7	8	9	10	11	12	13	14	15
SRR2549634	(1.0, 21.54240560084429)	(2.0, 8.670295986932615)	(3.0, 5.6766592044317745)	(4.0, 4.115468919741234)	(5.0, 3.2414112756872435)	(6.0, 2.6781654847384746)	(7.0, 2.2496124220588736)	(8.0, 1.9013793416077118)	(9.0, 1.7489380586825094)	('>10', 22.906917844432467)	('>50', 8.064419642292691)	('>100', 14.140447892778251)	('>500', 2.491888769619201)	('>1k', 0.5719895561526835)	('>5k', 0.0)	('>10k+', 0.0)
SRR2549635	(1.0, 16.449022846064253)	(2.0, 7.182749055516147)	(3.0, 4.910842629714181)	(4.0, 3.8791019755248812)	(5.0, 3.0793929849469674)	(6.0, 2.5453421801418723)	(7.0, 2.2535998170582423)	(8.0, 1.888027169635027)	(9.0, 1.7452360593792706)	('>10', 23.56238933535765)	('>50', 8.425179831956692)	('>100', 17.129458134704294)	('>500', 4.30781204859433)	('>1k', 2.6418459314061034)	('>5k', 0.0)	('>10k+', 0.0)
SRR2549636	(1.0, 15.632619260078497)	(2.0, 6.820599225042014)	(3.0, 4.797564688622041)	(4.0, 3.7033351070393072)	(5.0, 2.9300433616410553)	(6.0, 2.5045635263421056)	(7.0, 2.1819657930530396)	(8.0, 1.9242484326774203)	(9.0, 1.7082159126973226)	('>10', 23.410873851218007)	('>50', 8.392701065488211)	('>100', 17.85327029148839)	('>500', 4.893678104322358)	('>1k', 3.2463213802901536)	('>5k', 0.0)	('>10k+', 0.0)
SRR2549637	(1.0, 16.397963488347557)	(2.0, 7.184301882623159)	(3.0, 4.856206430669567)	(4.0, 3.8914191042671664)	(5.0, 3.0814411529472476)	(6.0, 2.6288526523800027)	(7.0, 2.196380915946321)	(8.0, 1.9719521574321712)	(9.0, 1.7374132533484958)	('>10', 24.746813678399633)	('>50', 8.631183349715101)	('>100', 16.34752779490672)	('>500', 4.010125401084885)	('>1k', 2.3184187379320753)	('>5k', 0.0)	('>10k+', 0.0)
SRR2549638	(1.0, 15.834409271986475)	(2.0, 7.19294087213086)	(3.0, 5.097116722841435)	(4.0, 3.9384408461343314)	(5.0, 3.2144942186500507)	(6.0, 2.6958136568967017)	(7.0, 2.3397510453189114)	(8.0, 2.044786673300448)	(9.0, 1.7579012695319665)	('>10', 24.95750182446429)	('>50', 8.469714166826456)	('>100', 16.029100265645642)	('>500', 3.914409973760184)	('>1k', 2.5136191925124325)	('>5k', 0.0)	('>10k+', 0.0)
SRR2549639	(1.0, 16.302038669979346)	(2.0, 7.649522631283914)	(3.0, 5.3281098431465)	(4.0, 4.155098138000224)	(5.0, 3.427744802684138)	(6.0, 2.8201230425181696)	(7.0, 2.4390317977318645)	(8.0, 2.085626692563839)	(9.0, 1.893754138393026)	('>10', 25.03763296140139)	('>50', 8.3943861341803)	('>100', 15.043184531545958)	('>500', 3.5557753393285165)	('>1k', 1.8679712772429227)	('>5k', 0.0)	('>10k+', 0.0)
WT_1	(1.0, 21.4997329657901)	(2.0, 8.677276806773506)	(3.0, 5.677316434750026)	(4.0, 4.12194736693041)	(5.0, 3.242566468883838)	(6.0, 2.6810563186924505)	(7.0, 2.2509902320202557)	(8.0, 1.9036601564014852)	(9.0, 1.752948496422643)	('>10', 22.922847376985725)	('>50', 8.068686303767413)	('>100', 14.148127605872077)	('>500', 2.4804264918226195)	('>1k', 0.5724169748875108)	('>5k', 0.0)	('>10k+', 0.0)
WT_2	(1.0, 16.39218638741115)	(2.0, 7.182463878389445)	(3.0, 4.9204346285992555)	(4.0, 3.881284063331821)	(5.0, 3.0810272490408885)	(6.0, 2.546347490846599)	(7.0, 2.2546969446979643)	(8.0, 1.893206000061743)	(9.0, 1.750492407713976)	('>10', 23.580965078658405)	('>50', 8.430222558114247)	('>100', 17.144854324445056)	('>500', 4.311460618667909)	('>1k', 2.6303583700215962)	('>5k', 0.0)	('>10k+', 0.0)
WT_3	(1.0, 15.56476148339615)	(2.0, 6.826184583538394)	(3.0, 4.797969653669569)	(4.0, 3.709557455659314)	(5.0, 2.9335565489276005)	(6.0, 2.504417506878586)	(7.0, 2.1842933507301545)	(8.0, 1.928267316633102)	(9.0, 1.7068410954547246)	('>10', 23.434513565455354)	('>50', 8.396422044732299)	('>100', 17.87195468241871)	('>500', 4.892262291162874)	('>1k', 3.248998421343118)	('>5k', 0.0)	('>10k+', 0.0)
sec66del_1	(1.0, 16.337355527903753)	(2.0, 7.187244133263576)	(3.0, 4.8605527947200216)	(4.0, 3.8984158970630776)	(5.0, 3.0863091206226403)	(6.0, 2.6282822844901252)	(7.0, 2.204752703705457)	(8.0, 1.9683160105314563)	(9.0, 1.7403190227774465)	('>10', 24.763140260335888)	('>50', 8.63976076744567)	('>100', 16.365488483909544)	('>500', 4.0000731421689)	('>1k', 2.319989851062502)	('>5k', 0.0)	('>10k+', 0.0)
sec66del_2	(1.0, 15.787105758558518)	(2.0, 7.193354697972366)	(3.0, 5.098699075372238)	(4.0, 3.9418329941275108)	(5.0, 3.2132277746756555)	(6.0, 2.696244396035816)	(7.0, 2.3451108422884537)	(8.0, 2.0461545780059707)	(9.0, 1.7601441386420285)	('>10', 24.98040487274907)	('>50', 8.479070105516973)	('>100', 16.040111831015206)	('>500', 3.9173046791734287)	('>1k', 2.5012342558669016)	('>5k', 0.0)	('>10k+', 0.0)
sec66del_3	(1.0, 16.25336285024536)	(2.0, 7.655544823030755)	(3.0, 5.332147262740527)	(4.0, 4.154506739825577)	(5.0, 3.42971657200503)	(6.0, 2.826300181658363)	(7.0, 2.440370789047084)	(8.0, 2.0895156847121736)	(9.0, 1.8943685197312012)	('>10', 25.054809772314417)	('>50', 8.39895779633384)	('>100', 15.053816089543115)	('>500', 3.5581438821625357)	('>1k', 1.8584390366500343)	('>5k', 0.0)	('>10k+', 0.0)
