Sample	0	1	2	3	4	5	6	7	8	9	10	11	12	13	14	15	16	17	18	19	20	21	22	23	24	25	26	27	28	29	30	31	32	33	34	35	36	37
SRR2549634	(2.0, 10.0)	(3.0, 3.0)	(4.0, 2.0)	(5.0, 1.0)	(6.0, 0.0)	(7.0, 4.0)	(8.0, 5.0)	(9.0, 6.0)	(10.0, 11.0)	(11.0, 10.0)	(12.0, 31.0)	(13.0, 57.0)	(14.0, 82.0)	(15.0, 131.0)	(16.0, 225.0)	(17.0, 307.0)	(18.0, 458.0)	(19.0, 576.0)	(20.0, 706.0)	(21.0, 863.0)	(22.0, 1121.0)	(23.0, 1644.0)	(24.0, 2344.0)	(25.0, 3407.0)	(26.0, 5024.0)	(27.0, 7606.0)	(28.0, 11320.0)	(29.0, 16310.0)	(30.0, 23250.0)	(31.0, 32188.0)	(32.0, 46305.0)	(33.0, 65720.0)	(34.0, 96776.0)	(35.0, 151813.0)	(36.0, 265174.0)	(37.0, 618253.0)	(38.0, 3858366.0)	(39.0, 483132.0)
SRR2549635	(2.0, 8.0)	(3.0, 4.0)	(4.0, 5.0)	(5.0, 2.0)	(6.0, 1.0)	(7.0, 4.0)	(8.0, 0.0)	(9.0, 5.0)	(10.0, 22.0)	(11.0, 21.0)	(12.0, 70.0)	(13.0, 98.0)	(14.0, 150.0)	(15.0, 223.0)	(16.0, 336.0)	(17.0, 575.0)	(18.0, 818.0)	(19.0, 1035.0)	(20.0, 1359.0)	(21.0, 1540.0)	(22.0, 1997.0)	(23.0, 2817.0)	(24.0, 4196.0)	(25.0, 6141.0)	(26.0, 9232.0)	(27.0, 13703.0)	(28.0, 20074.0)	(29.0, 29332.0)	(30.0, 42201.0)	(31.0, 59090.0)	(32.0, 84564.0)	(33.0, 121668.0)	(34.0, 179696.0)	(35.0, 283951.0)	(36.0, 498263.0)	(37.0, 1156354.0)	(38.0, 7082659.0)	(39.0, 880125.0)
SRR2549636	(2.0, 9.0)	(3.0, 8.0)	(4.0, 1.0)	(5.0, 3.0)	(6.0, 0.0)	(7.0, 4.0)	(8.0, 6.0)	(9.0, 9.0)	(10.0, 25.0)	(11.0, 30.0)	(12.0, 53.0)	(13.0, 81.0)	(14.0, 159.0)	(15.0, 260.0)	(16.0, 417.0)	(17.0, 585.0)	(18.0, 907.0)	(19.0, 1152.0)	(20.0, 1463.0)	(21.0, 1771.0)	(22.0, 2302.0)	(23.0, 3249.0)	(24.0, 4532.0)	(25.0, 6699.0)	(26.0, 9880.0)	(27.0, 14934.0)	(28.0, 21899.0)	(29.0, 31581.0)	(30.0, 45068.0)	(31.0, 63886.0)	(32.0, 89613.0)	(33.0, 128588.0)	(34.0, 189716.0)	(35.0, 299326.0)	(36.0, 522410.0)	(37.0, 1209822.0)	(38.0, 7442984.0)	(39.0, 959903.0)
SRR2549637	(2.0, 4.0)	(3.0, 1.0)	(4.0, 3.0)	(5.0, 2.0)	(6.0, 1.0)	(7.0, 1.0)	(8.0, 3.0)	(9.0, 8.0)	(10.0, 14.0)	(11.0, 19.0)	(12.0, 56.0)	(13.0, 76.0)	(14.0, 170.0)	(15.0, 230.0)	(16.0, 399.0)	(17.0, 542.0)	(18.0, 858.0)	(19.0, 1065.0)	(20.0, 1371.0)	(21.0, 1671.0)	(22.0, 2252.0)	(23.0, 3025.0)	(24.0, 4342.0)	(25.0, 6537.0)	(26.0, 9644.0)	(27.0, 14261.0)	(28.0, 20739.0)	(29.0, 30084.0)	(30.0, 42843.0)	(31.0, 60581.0)	(32.0, 84619.0)	(33.0, 121154.0)	(34.0, 178253.0)	(35.0, 281758.0)	(36.0, 492424.0)	(37.0, 1147687.0)	(38.0, 7281386.0)	(39.0, 956295.0)
SRR2549638	(2.0, 16.0)	(3.0, 4.0)	(4.0, 3.0)	(5.0, 1.0)	(6.0, 4.0)	(7.0, 5.0)	(8.0, 5.0)	(9.0, 7.0)	(10.0, 16.0)	(11.0, 31.0)	(12.0, 60.0)	(13.0, 81.0)	(14.0, 157.0)	(15.0, 239.0)	(16.0, 415.0)	(17.0, 583.0)	(18.0, 944.0)	(19.0, 1136.0)	(20.0, 1406.0)	(21.0, 1809.0)	(22.0, 2209.0)	(23.0, 3161.0)	(24.0, 4464.0)	(25.0, 6532.0)	(26.0, 9724.0)	(27.0, 14625.0)	(28.0, 21695.0)	(29.0, 31282.0)	(30.0, 45063.0)	(31.0, 63419.0)	(32.0, 91086.0)	(33.0, 130497.0)	(34.0, 194076.0)	(35.0, 309525.0)	(36.0, 542290.0)	(37.0, 1265565.0)	(38.0, 7665976.0)	(39.0, 968295.0)
SRR2549639	(2.0, 16.0)	(3.0, 8.0)	(4.0, 7.0)	(5.0, 1.0)	(6.0, 1.0)	(7.0, 4.0)	(8.0, 4.0)	(9.0, 5.0)	(10.0, 16.0)	(11.0, 18.0)	(12.0, 42.0)	(13.0, 72.0)	(14.0, 125.0)	(15.0, 231.0)	(16.0, 339.0)	(17.0, 544.0)	(18.0, 740.0)	(19.0, 959.0)	(20.0, 1175.0)	(21.0, 1476.0)	(22.0, 1876.0)	(23.0, 2580.0)	(24.0, 3776.0)	(25.0, 5483.0)	(26.0, 8311.0)	(27.0, 12533.0)	(28.0, 18403.0)	(29.0, 26960.0)	(30.0, 38625.0)	(31.0, 55476.0)	(32.0, 79109.0)	(33.0, 113927.0)	(34.0, 170185.0)	(35.0, 272324.0)	(36.0, 478833.0)	(37.0, 1110599.0)	(38.0, 7284127.0)	(39.0, 995384.0)
WT_1	(19.0, 3.0)	(20.0, 67.0)	(21.0, 258.0)	(22.0, 735.0)	(23.0, 1456.0)	(24.0, 2299.0)	(25.0, 3396.0)	(26.0, 5017.0)	(27.0, 7594.0)	(28.0, 11315.0)	(29.0, 16286.0)	(30.0, 23235.0)	(31.0, 32164.0)	(32.0, 46270.0)	(33.0, 65692.0)	(34.0, 96754.0)	(35.0, 151764.0)	(36.0, 265116.0)	(37.0, 618222.0)	(38.0, 3858426.0)	(39.0, 482521.0)																	
WT_2	(19.0, 8.0)	(20.0, 106.0)	(21.0, 473.0)	(22.0, 1255.0)	(23.0, 2436.0)	(24.0, 4109.0)	(25.0, 6133.0)	(26.0, 9216.0)	(27.0, 13692.0)	(28.0, 20061.0)	(29.0, 29304.0)	(30.0, 42178.0)	(31.0, 59054.0)	(32.0, 84532.0)	(33.0, 121622.0)	(34.0, 179623.0)	(35.0, 283865.0)	(36.0, 498132.0)	(37.0, 1156318.0)	(38.0, 7082611.0)	(39.0, 879068.0)																	
WT_3	(19.0, 4.0)	(20.0, 121.0)	(21.0, 551.0)	(22.0, 1493.0)	(23.0, 2858.0)	(24.0, 4468.0)	(25.0, 6687.0)	(26.0, 9872.0)	(27.0, 14922.0)	(28.0, 21894.0)	(29.0, 31557.0)	(30.0, 45045.0)	(31.0, 63872.0)	(32.0, 89590.0)	(33.0, 128578.0)	(34.0, 189689.0)	(35.0, 299284.0)	(36.0, 522378.0)	(37.0, 1209973.0)	(38.0, 7443490.0)	(39.0, 958664.0)																	
sec66del_1	(19.0, 12.0)	(20.0, 108.0)	(21.0, 566.0)	(22.0, 1456.0)	(23.0, 2634.0)	(24.0, 4279.0)	(25.0, 6528.0)	(26.0, 9625.0)	(27.0, 14251.0)	(28.0, 20735.0)	(29.0, 30043.0)	(30.0, 42843.0)	(31.0, 60568.0)	(32.0, 84597.0)	(33.0, 121132.0)	(34.0, 178225.0)	(35.0, 281693.0)	(36.0, 492389.0)	(37.0, 1147767.0)	(38.0, 7281819.0)	(39.0, 955035.0)																	
sec66del_2	(19.0, 12.0)	(20.0, 106.0)	(21.0, 633.0)	(22.0, 1401.0)	(23.0, 2774.0)	(24.0, 4381.0)	(25.0, 6520.0)	(26.0, 9716.0)	(27.0, 14606.0)	(28.0, 21677.0)	(29.0, 31240.0)	(30.0, 45037.0)	(31.0, 63372.0)	(32.0, 91024.0)	(33.0, 130447.0)	(34.0, 193997.0)	(35.0, 309424.0)	(36.0, 542171.0)	(37.0, 1265455.0)	(38.0, 7666080.0)	(39.0, 967021.0)																	
sec66del_3	(19.0, 6.0)	(20.0, 102.0)	(21.0, 466.0)	(22.0, 1144.0)	(23.0, 2205.0)	(24.0, 3710.0)	(25.0, 5472.0)	(26.0, 8298.0)	(27.0, 12522.0)	(28.0, 18379.0)	(29.0, 26922.0)	(30.0, 38603.0)	(31.0, 55456.0)	(32.0, 79116.0)	(33.0, 113885.0)	(34.0, 170111.0)	(35.0, 272272.0)	(36.0, 478759.0)	(37.0, 1110704.0)	(38.0, 7284449.0)	(39.0, 993998.0)																	
