Sample	0	1	2	3	4	5	6	7	8	9	10	11	12	13	14	15	16	17	18	19	20	21	22	23	24	25	26	27	28	29	30	31	32	33	34	35	36	37	38	39	40	41	42	43	44	45	46	47	48	49	50
SRR2549634	(1, 32.814351965778364)	(2, 32.83957415468623)	(3, 32.85278789357415)	(4, 36.79370643189002)	(5, 36.73107180953696)	(6, 36.70624693386421)	(7, 36.68901351620281)	(8, 36.704979114708124)	(9, 36.62875820644164)	(10, 36.69547521350317)	(11, 36.70841582149781)	(12, 36.712597622338485)	(13, 36.689690283618766)	(14, 39.07069049070643)	(15, 39.053011983859456)	(16, 39.03961311316348)	(17, 39.04200068115859)	(18, 39.02108605625513)	(19, 39.04287417307646)	(20, 39.02553923152033)	(21, 38.984059694644934)	(22, 38.97345659528553)	(23, 38.951465079380974)	(24, 38.93857698980247)	(25, 38.92181325188939)	(26, 38.86997090058193)	(27, 38.85403375687065)	(28, 38.8300467167998)	(29, 38.82069668225884)	(30, 38.780900896343574)	(31, 38.78203469693273)	(32, 38.75368950655699)	(33, 38.72700892163181)	(34, 38.695338384586215)	(35, 38.66937285809612)	(36, 38.64290480589176)	(37, 38.613845962255944)	(38, 38.58405238773486)	(39, 38.53850012672922)	(40, 38.713116658859164)	(41, 38.76849232273849)	(42, 38.76666664910198)	(43, 38.75201910475948)	(44, 38.72973724456772)	(45, 38.70234054732621)	(46, 38.667461293136896)	(47, 38.632554462387944)	(48, 38.575995816793984)	(49, 38.62016977675809)	(50, 38.59923635763882)	(51, 38.38787906572021)
SRR2549635	(1, 32.81031237398447)	(2, 32.83891868026783)	(3, 32.85142896065468)	(4, 36.79657917951327)	(5, 36.733552597373546)	(6, 36.70742980168834)	(7, 36.68664589076923)	(8, 36.70251897024128)	(9, 36.635039660518515)	(10, 36.69726842453769)	(11, 36.7079834949051)	(12, 36.711683527884375)	(13, 36.69131116633415)	(14, 39.06650500427433)	(15, 39.043202189892924)	(16, 39.03087736429818)	(17, 39.032817866317814)	(18, 39.01375885668266)	(19, 39.03699250711124)	(20, 39.01953123248542)	(21, 38.97719001455687)	(22, 38.9660197022821)	(23, 38.94168286295645)	(24, 38.93215626779481)	(25, 38.915223310369946)	(26, 38.865292660349944)	(27, 38.84752515636062)	(28, 38.82087833640946)	(29, 38.81331208616703)	(30, 38.76850405238754)	(31, 38.77080000942538)	(32, 38.74658327688124)	(33, 38.72142228943368)	(34, 38.690312057261266)	(35, 38.66142432523886)	(36, 38.63497154594981)	(37, 38.603903575337526)	(38, 38.578432542584245)	(39, 38.53568244644635)	(40, 38.70898327176788)	(41, 38.7665132753291)	(42, 38.7610336776935)	(43, 38.74991507143587)	(44, 38.728388387362784)	(45, 38.70388898889838)	(46, 38.669608853520195)	(47, 38.63406392409175)	(48, 38.57638500338522)	(49, 38.61614120665244)	(50, 38.598298051608516)	(51, 38.38848142575812)
SRR2549636	(1, 32.81442306778904)	(2, 32.83880077822666)	(3, 32.85103998024126)	(4, 36.79468902371999)	(5, 36.733033152437706)	(6, 36.70680360271357)	(7, 36.687693985570874)	(8, 36.70118547931462)	(9, 36.63546802842762)	(10, 36.69640710247179)	(11, 36.706384453198964)	(12, 36.70980758296026)	(13, 36.68935529412616)	(14, 39.06511138945847)	(15, 39.043221163567374)	(16, 39.03083675650833)	(17, 39.033693631831476)	(18, 39.01377665654755)	(19, 39.03602776899461)	(20, 39.01879912261774)	(21, 38.97588573946234)	(22, 38.96618043332623)	(23, 38.94167298828815)	(24, 38.93313330320668)	(25, 38.91518559783088)	(26, 38.86230409193244)	(27, 38.84487523448805)	(28, 38.82111263252222)	(29, 38.8110994555037)	(30, 38.765104558940806)	(31, 38.7705190333958)	(32, 38.74381840412871)	(33, 38.71674232256599)	(34, 38.68683397363782)	(35, 38.65823826021739)	(36, 38.632175085618954)	(37, 38.604067822064565)	(38, 38.57591830881811)	(39, 38.53264313440242)	(40, 38.708732884690455)	(41, 38.76460552403415)	(42, 38.758753082214554)	(43, 38.748103898054296)	(44, 38.72366303925467)	(45, 38.69890345312071)	(46, 38.66654824087029)	(47, 38.62835243842695)	(48, 38.57279816453586)	(49, 38.615449364377355)	(50, 38.59364544727904)	(51, 38.38403043063474)
SRR2549637	(1, 32.81516724374366)	(2, 32.84236937680338)	(3, 32.85558791769984)	(4, 36.80078409378375)	(5, 36.73995097715289)	(6, 36.71235729048252)	(7, 36.693600039015756)	(8, 36.707929765687695)	(9, 36.64080405585135)	(10, 36.70468471976693)	(11, 36.71464043800395)	(12, 36.718774227786845)	(13, 36.698657846922366)	(14, 39.08806410198896)	(15, 39.065524500348)	(16, 39.0517775901034)	(17, 39.054511298839266)	(18, 39.036611239850274)	(19, 39.059715601964115)	(20, 39.0429190037804)	(21, 39.002769727572876)	(22, 38.99021916391996)	(23, 38.968170237495364)	(24, 38.95860160541634)	(25, 38.94071625179233)	(26, 38.8900725570154)	(27, 38.87038951905824)	(28, 38.846997564679874)	(29, 38.838470500572484)	(30, 38.79303669323622)	(31, 38.7983010277561)	(32, 38.77268242051797)	(33, 38.7477118731303)	(34, 38.71633220648045)	(35, 38.688152632009036)	(36, 38.66334905566428)	(37, 38.63497086569367)	(38, 38.609028926569785)	(39, 38.563465097746935)	(40, 38.73395044366458)	(41, 38.790000593798915)	(42, 38.78290953650365)	(43, 38.77040355430533)	(44, 38.7472503294281)	(45, 38.72329789588564)	(46, 38.69033665792473)	(47, 38.65243060138055)	(48, 38.595242460754825)	(49, 38.635838575299566)	(50, 38.61861607996293)	(51, 38.4092093558138)
SRR2549638	(1, 32.816834068685665)	(2, 32.840953636851566)	(3, 32.85222354054523)	(4, 36.79574366456331)	(5, 36.73420146925136)	(6, 36.70928024193229)	(7, 36.68858319578257)	(8, 36.70333293308976)	(9, 36.635374739614605)	(10, 36.69941939484227)	(11, 36.71060851731206)	(12, 36.71514747276073)	(13, 36.69441350809737)	(14, 39.068323335155235)	(15, 39.04637352077624)	(16, 39.03306553932762)	(17, 39.035722793296934)	(18, 39.01753365693875)	(19, 39.04172451299646)	(20, 39.023828087710655)	(21, 38.983524673785375)	(22, 38.97036612441574)	(23, 38.94747576695136)	(24, 38.937764088236655)	(25, 38.920074670330855)	(26, 38.86824301101772)	(27, 38.84914523971806)	(28, 38.82187608283319)	(29, 38.81283799118984)	(30, 38.767895414421744)	(31, 38.77230673729471)	(32, 38.748296606151364)	(33, 38.721813813606865)	(34, 38.68933677296679)	(35, 38.66167144527015)	(36, 38.638430449827474)	(37, 38.6072641922238)	(38, 38.580934875214545)	(39, 38.53529805458771)	(40, 38.71303177822592)	(41, 38.76860969975931)	(42, 38.761753931777754)	(43, 38.749519312162384)	(44, 38.72804460389336)	(45, 38.70190937278434)	(46, 38.66796833727629)	(47, 38.63155112431817)	(48, 38.575424523351224)	(49, 38.61468331914315)	(50, 38.596296053428475)	(51, 38.38509182952859)
SRR2549639	(1, 32.818324542548154)	(2, 32.84533868124557)	(3, 32.859730366835656)	(4, 36.80953275901992)	(5, 36.75167727507311)	(6, 36.725679488041045)	(7, 36.708090398860236)	(8, 36.721645061433165)	(9, 36.660119985466515)	(10, 36.72018188567256)	(11, 36.72905247646686)	(12, 36.73374815406615)	(13, 36.713998042360124)	(14, 39.116329071438884)	(15, 39.09486223422905)	(16, 39.079550974542634)	(17, 39.08312453775608)	(18, 39.065171362749844)	(19, 39.09237250491235)	(20, 39.074261247397345)	(21, 39.0353789403399)	(22, 39.024603591028104)	(23, 39.00178430133053)	(24, 38.99402300236216)	(25, 38.97676898445513)	(26, 38.92687106887924)	(27, 38.911098009845105)	(28, 38.88641926176872)	(29, 38.87912537786774)	(30, 38.8352293562869)	(31, 38.83809075265057)	(32, 38.81636278447598)	(33, 38.793766438849396)	(34, 38.763737594641256)	(35, 38.73574033061988)	(36, 38.71151289921449)	(37, 38.68426149636092)	(38, 38.66238471161501)	(39, 38.62149019860367)	(40, 38.79075435400785)	(41, 38.84729229652422)	(42, 38.84090357303908)	(43, 38.8301061352299)	(44, 38.81344775798944)	(45, 38.79141663454787)	(46, 38.76076257354955)	(47, 38.729543196770884)	(48, 38.67848984687243)	(49, 38.72009615235223)	(50, 38.708709625549425)	(51, 38.506549333067774)
WT_1	(1, 32.81613932450748)	(2, 32.8413408243519)	(3, 32.854556401498435)	(4, 36.79584712556187)	(5, 36.73380890519444)	(6, 36.70932164209409)	(7, 36.69221740360968)	(8, 36.70818814504121)	(9, 36.63226581630949)	(10, 36.699237069291335)	(11, 36.71193406450456)	(12, 36.716097486371844)	(13, 36.693106376096715)	(14, 39.07515922223257)	(15, 39.057567692521346)	(16, 39.04430517931509)	(17, 39.04683884758789)	(18, 39.02634062219285)	(19, 39.04825062097989)	(20, 39.03095055189423)	(21, 38.989886597557565)	(22, 38.97963977013636)	(23, 38.958516257983085)	(24, 38.94626260637522)	(25, 38.93039399921597)	(26, 38.880920144303)	(27, 38.86629838527507)	(28, 38.84392826825239)	(29, 38.835745357982006)	(30, 38.797250173461656)	(31, 38.799487604630755)	(32, 38.771973800093875)	(33, 38.74599068623082)	(34, 38.71484676454488)	(35, 38.68956717371906)	(36, 38.66359682176213)	(37, 38.63507145579402)	(38, 38.60560692395832)	(39, 38.56049314048414)	(40, 38.73555468088162)	(41, 38.791208356545866)	(42, 38.789594931038735)	(43, 38.77517916612896)	(44, 38.75287278093918)	(45, 38.72592165698035)	(46, 38.6915700813603)	(47, 38.65668477039327)	(48, 38.599917029231094)	(49, 38.64435303305331)	(50, 38.62316063714651)	(51, 38.411547158427176)
WT_2	(1, 32.812020111905944)	(2, 32.84050873245956)	(3, 32.8529670617988)	(4, 36.798527773502556)	(5, 36.73604059120495)	(6, 36.71028746406747)	(7, 36.68960670992637)	(8, 36.70551880139732)	(9, 36.63831642319556)	(10, 36.70038341399813)	(11, 36.71108516912111)	(12, 36.71484674706286)	(13, 36.694499682827505)	(14, 39.07069308968783)	(15, 39.04763459208104)	(16, 39.03521397590711)	(17, 39.03733507889594)	(18, 39.018841783819354)	(19, 39.04214718331348)	(20, 39.02488037765868)	(21, 38.98277472656523)	(22, 38.97217484472678)	(23, 38.948444766348324)	(24, 38.9396143480358)	(25, 38.92380441627849)	(26, 38.875985411969225)	(27, 38.859787540156184)	(28, 38.83483489160462)	(29, 38.82826836986518)	(30, 38.784656869887115)	(31, 38.788238554921094)	(32, 38.764823784659896)	(33, 38.740165313906516)	(34, 38.709734301873844)	(35, 38.682102550613415)	(36, 38.65582909034248)	(37, 38.62502130329679)	(38, 38.59989323752016)	(39, 38.55729136531633)	(40, 38.731040473526406)	(41, 38.78879194698798)	(42, 38.783687406600976)	(43, 38.77263806360553)	(44, 38.75134109618441)	(45, 38.72692654968005)	(46, 38.69280902841162)	(47, 38.657494467189196)	(48, 38.60002072503792)	(49, 38.63981394498707)	(50, 38.62181920138437)	(51, 38.41182753441738)
WT_3	(1, 32.8162027308309)	(2, 32.84044412896707)	(3, 32.85263798337527)	(4, 36.796690083015015)	(5, 36.73560528348147)	(6, 36.709723775213924)	(7, 36.69063439622852)	(8, 36.70426700250521)	(9, 36.63884738691479)	(10, 36.699702217928674)	(11, 36.70968647323357)	(12, 36.71312178643892)	(13, 36.69270510883215)	(14, 39.06947394248433)	(15, 39.04775966297842)	(16, 39.03547626570961)	(17, 39.038518912194576)	(18, 39.01873193185327)	(19, 39.04130470014007)	(20, 39.02428630537465)	(21, 38.981754080356794)	(22, 38.97260721829535)	(23, 38.948703891990846)	(24, 38.94093005063834)	(25, 38.92402799821458)	(26, 38.87353215109585)	(27, 38.85748567585587)	(28, 38.835254944166074)	(29, 38.82633696173658)	(30, 38.78159255082737)	(31, 38.78833097449485)	(32, 38.76243680274325)	(33, 38.73606432388871)	(34, 38.7067911191059)	(35, 38.67891918887196)	(36, 38.65325824137121)	(37, 38.62573614112615)	(38, 38.5979160153479)	(39, 38.555020193986856)	(40, 38.73140796485713)	(41, 38.78760364849962)	(42, 38.782052777193265)	(43, 38.771585539957016)	(44, 38.74726282892699)	(45, 38.72271487401005)	(46, 38.69050447187004)	(47, 38.65260176747912)	(48, 38.597079088734574)	(49, 38.63989901984194)	(50, 38.61799563016416)	(51, 38.408188936747614)
sec66del_1	(1, 32.81693245488089)	(2, 32.84404345815437)	(3, 32.85719444445738)	(4, 36.80284278436576)	(5, 36.74264218462497)	(6, 36.71528603183311)	(7, 36.696521568640236)	(8, 36.71109334170369)	(9, 36.64417590595647)	(10, 36.70800009873043)	(11, 36.717902947056736)	(12, 36.72203053098808)	(13, 36.70192128483682)	(14, 39.092426398095064)	(15, 39.06996056837059)	(16, 39.05634173023214)	(17, 39.059157037733186)	(18, 39.04168137920821)	(19, 39.0649169337123)	(20, 39.04819190587451)	(21, 39.00837848775719)	(22, 38.99629397637269)	(23, 38.9748989992367)	(24, 38.96596976334037)	(25, 38.94910632661796)	(26, 38.900767908512286)	(27, 38.88264835993389)	(28, 38.8605765487179)	(29, 38.853113363076666)	(30, 38.808897052680265)	(31, 38.81529999512867)	(32, 38.79083103870081)	(33, 38.76632683455967)	(34, 38.735541982670895)	(35, 38.70783808821428)	(36, 38.68385947277328)	(37, 38.6558843982408)	(38, 38.630072060757335)	(39, 38.58484669565832)	(40, 38.7557034079754)	(41, 38.81212215995013)	(42, 38.805326590167994)	(43, 38.79298052078168)	(44, 38.769955483496744)	(45, 38.74617620540475)	(46, 38.71329290805719)	(47, 38.67555534126701)	(48, 38.618585351746525)	(49, 38.6592986118112)	(50, 38.64197406633944)	(51, 38.43232718330372)
sec66del_2	(1, 32.81853603040496)	(2, 32.84259292656505)	(3, 32.853868103844306)	(4, 36.79769235655129)	(5, 36.736756025770525)	(6, 36.71206440274005)	(7, 36.69148112965372)	(8, 36.706258521307205)	(9, 36.63854965921809)	(10, 36.70266235152098)	(11, 36.713770115739344)	(12, 36.71833240756169)	(13, 36.697674973040606)	(14, 39.07253454576869)	(15, 39.05082424760453)	(16, 39.037295811928715)	(17, 39.04026842744504)	(18, 39.02245138467228)	(19, 39.04676841768001)	(20, 39.02912081135249)	(21, 38.98908129025765)	(22, 38.976569649199696)	(23, 38.953983665482134)	(24, 38.945146490387074)	(25, 38.928547612960706)	(26, 38.879072346898866)	(27, 38.86147308928907)	(28, 38.835698099257975)	(29, 38.827798771628785)	(30, 38.78408212275429)	(31, 38.7896607711605)	(32, 38.76648083450199)	(33, 38.74054348456245)	(34, 38.70876965671032)	(35, 38.682441407533524)	(36, 38.65913152902451)	(37, 38.62967726270423)	(38, 38.60258069022682)	(39, 38.55694800839489)	(40, 38.73524615265916)	(41, 38.79094132691327)	(42, 38.78420970161538)	(43, 38.77217554550779)	(44, 38.75086988768537)	(45, 38.724925192192565)	(46, 38.69109860406073)	(47, 38.65481095917923)	(48, 38.599124054928026)	(49, 38.638316606928456)	(50, 38.61980301806417)	(51, 38.40837230484368)
sec66del_3	(1, 32.81996199344378)	(2, 32.8468459794097)	(3, 32.86111562514547)	(4, 36.81131980571679)	(5, 36.75403722484515)	(6, 36.728289276930376)	(7, 36.710758661552546)	(8, 36.724359272759564)	(9, 36.66301265602025)	(10, 36.72306082313445)	(11, 36.7318475328099)	(12, 36.73659352869491)	(13, 36.716810506436566)	(14, 39.120103733602306)	(15, 39.098702683696715)	(16, 39.08353284324501)	(17, 39.087300529504816)	(18, 39.06966669754422)	(19, 39.09699408396641)	(20, 39.07908357161971)	(21, 39.040386625715975)	(22, 39.030191318773554)	(23, 39.007843055345724)	(24, 39.00099104778787)	(25, 38.984393783814085)	(26, 38.9367009551284)	(27, 38.92233407458235)	(28, 38.89907536792477)	(29, 38.89282098891704)	(30, 38.85017005471049)	(31, 38.85410037072806)	(32, 38.833102157016)	(33, 38.8110729058749)	(34, 38.78184382004265)	(35, 38.75406867392003)	(36, 38.730352715237444)	(37, 38.70346734779131)	(38, 38.68183121820327)	(39, 38.64113486403821)	(40, 38.8107932774356)	(41, 38.86760500687906)	(42, 38.861440147567365)	(43, 38.85073554409859)	(44, 38.83427692116238)	(45, 38.812386526375924)	(46, 38.781814979981746)	(47, 38.75094203463348)	(48, 38.70012548581318)	(49, 38.74178407454752)	(50, 38.730304547193555)	(51, 38.52794345550544)
