Sample	0	1	2	3	4	5	6	7	8	9	10	11	12	13	14	15	16	17	18	19	20	21	22	23	24	25	26
SRR2549634	(51, 5693241.0)																										
SRR2549635	(51, 10482339.0)																										
SRR2549636	(51, 11053335.0)																										
SRR2549637	(51, 10744378.0)																										
SRR2549638	(51, 11376406.0)																										
SRR2549639	(51, 10684294.0)																										
WT_1	(25, 4.0)	(26, 1.0)	(27, 2.0)	(28, 1.0)	(29, 5.0)	(30, 1.0)	(31, 6.0)	(32, 3.0)	(33, 1.0)	(34, 2.0)	(35, 3.0)	(36, 9.0)	(37, 14.0)	(38, 17.0)	(39, 52.0)	(40, 90.0)	(41, 113.0)	(42, 528.0)	(43, 1436.0)	(44, 103.0)	(45, 379.0)	(46, 4301.0)	(47, 0.0)	(48, 0.0)	(49, 0.0)	(50, 0.0)	(51, 5681519.0)
WT_2	(25, 4.0)	(26, 1.0)	(27, 5.0)	(28, 2.0)	(29, 2.0)	(30, 1.0)	(31, 5.0)	(32, 5.0)	(33, 5.0)	(34, 11.0)	(35, 11.0)	(36, 13.0)	(37, 14.0)	(38, 27.0)	(39, 103.0)	(40, 189.0)	(41, 189.0)	(42, 880.0)	(43, 2722.0)	(44, 204.0)	(45, 762.0)	(46, 7864.0)	(47, 0.0)	(48, 0.0)	(49, 0.0)	(50, 0.0)	(51, 10460777.0)
WT_3	(25, 1.0)	(26, 1.0)	(27, 1.0)	(28, 0.0)	(29, 2.0)	(30, 1.0)	(31, 3.0)	(32, 2.0)	(33, 10.0)	(34, 5.0)	(35, 18.0)	(36, 19.0)	(37, 28.0)	(38, 27.0)	(39, 129.0)	(40, 203.0)	(41, 224.0)	(42, 974.0)	(43, 2746.0)	(44, 231.0)	(45, 800.0)	(46, 8487.0)	(47, 0.0)	(48, 0.0)	(49, 0.0)	(50, 0.0)	(51, 11031078.0)
sec66del_1	(27, 5.0)	(28, 0.0)	(29, 3.0)	(30, 6.0)	(31, 4.0)	(32, 5.0)	(33, 7.0)	(34, 9.0)	(35, 12.0)	(36, 16.0)	(37, 20.0)	(38, 25.0)	(39, 112.0)	(40, 222.0)	(41, 248.0)	(42, 940.0)	(43, 2696.0)	(44, 227.0)	(45, 838.0)	(46, 8089.0)	(47, 0.0)	(48, 0.0)	(49, 0.0)	(50, 0.0)	(51, 10722821.0)		
sec66del_2	(26, 3.0)	(27, 4.0)	(28, 2.0)	(29, 4.0)	(30, 5.0)	(31, 9.0)	(32, 10.0)	(33, 10.0)	(34, 14.0)	(35, 21.0)	(36, 27.0)	(37, 26.0)	(38, 47.0)	(39, 165.0)	(40, 292.0)	(41, 286.0)	(42, 1116.0)	(43, 2954.0)	(44, 317.0)	(45, 901.0)	(46, 8571.0)	(47, 0.0)	(48, 0.0)	(49, 0.0)	(50, 0.0)	(51, 11352310.0)	
sec66del_3	(25, 4.0)	(26, 1.0)	(27, 3.0)	(28, 3.0)	(29, 4.0)	(30, 5.0)	(31, 4.0)	(32, 8.0)	(33, 17.0)	(34, 17.0)	(35, 25.0)	(36, 28.0)	(37, 48.0)	(38, 67.0)	(39, 181.0)	(40, 292.0)	(41, 341.0)	(42, 1188.0)	(43, 3017.0)	(44, 344.0)	(45, 969.0)	(46, 8250.0)	(47, 0.0)	(48, 0.0)	(49, 0.0)	(50, 0.0)	(51, 10661763.0)
