Sample	featurecounts-Assigned	featurecounts-percent_assigned	samtools_flagstat-flagstat_total	samtools_flagstat-mapped_passed	samtools_flagstat-mapped_passed_pct	bowtie_2_hisat2-overall_alignment_rate	fastqc-percent_duplicates	fastqc-percent_gc	fastqc-avg_sequence_length	fastqc-median_sequence_length	fastqc-percent_fails	fastqc-total_sequences	fastp-pct_duplication	fastp-after_filtering_q30_rate	fastp-after_filtering_q30_bases	fastp-filtering_result_passed_filter_reads	fastp-after_filtering_gc_content	fastp-pct_surviving_reads	fastp-pct_surviving_bases	fastp-pct_adapter	fastp-before_filtering_read1_mean_length
SRR2549634							67.94822467760973	41.0	51.0	51	18.181818181818183	5.6932409999999996	67.4009	98.2924	285.120031	5.68859	41.9549	99.91830663764277	99.90293099222359	0.13951631416973215	51.0
SRR2549635							74.10977055857609	41.0	51.0	51	18.181818181818183	10.482339	73.36160000000001	98.2999	525.001553	10.473796	41.6727	99.91850101394355	99.90316784727337	0.1399687607889804	51.0
SRR2549636							75.24059908207475	41.0	51.0	51	18.181818181818183	11.053334999999999	74.4238	98.2868	553.5579819999999	11.04499	41.7862	99.92450242392906	99.90899366305176	0.13321771212036912	51.0
SRR2549637							74.11593803257763	41.0	51.0	51	18.181818181818183	10.744378	73.4502	98.3316	538.332712	10.736305	41.7811	99.92486303069383	99.90932202577268	0.13491707011797238	51.0
SRR2549638							74.48843836398564	41.0	51.0	51	18.181818181818183	11.376406	73.7038	98.3138	569.852853	11.367094	41.868	99.91814638120334	99.90175159663868	0.14646980777584767	51.0
SRR2549639							73.55378704724775	40.0	51.0	51	18.181818181818183	10.684294	72.8615	98.4388	535.90939	10.676579	40.5588	99.92779120454753	99.91003617085042	0.15105349965098303	51.0
WT_1	4.491217	64.03978402339486	7.013166999999999	6.7772809999999994	96.64	95.85	67.9830177639447	41.0	50.99215200954894	51	18.181818181818183	5.68859									
WT_2	8.334241	63.34980172784742	13.155907	12.824098	97.48	96.83	74.16002355838387	41.0	50.99217370664848	51	18.181818181818183	10.473796									
WT_3	8.816381	64.21580384900876	13.729301	13.374549	97.42	96.79	75.30131441885152	41.0	50.992084555984206	51	18.181818181818183	11.04499									
sec66del_1	8.452646999999999	61.9545592375335	13.643301	13.135999	96.28	95.27	74.16888516314347	41.0	50.99206812772178	51	18.181818181818183	10.736305									
sec66del_2	9.063563	63.40065500847003	14.295693	13.814371	96.63	95.77	74.53149608429814	41.0	50.991631810205845	51	18.181818181818183	11.367094									
sec66del_3	8.507076999999999	63.290370122930405	13.441345	13.082035999999999	97.33	96.63	73.59513389096543	40.0	50.9909383895347	51	18.181818181818183	10.676579									
